%Time [ms]	Speed [rpm]	%3/20/20192:38 PM
0.000	0.000
10.000	125.830
20.000	125.757
30.000	126.416
40.000	125.464
50.000	125.757
60.000	126.343
70.000	125.464
80.000	125.977
90.000	126.270
100.000	125.610
110.000	125.977
120.000	126.489
130.000	125.977
140.000	126.123
150.000	125.524
160.000	126.321
170.000	126.102
180.000	126.175
190.000	125.662
200.000	124.637
210.000	124.051
220.000	121.634
230.000	119.730
240.000	116.680
250.000	115.082
260.000	110.110
270.000	106.228
280.000	101.174
290.000	95.461
300.000	90.407
310.000	83.742
320.000	78.176
330.000	71.365
340.000	65.625
350.000	58.521
360.000	51.855
370.000	45.703
380.000	39.331
390.000	34.344
400.000	29.526
410.000	25.058
420.000	20.884
430.000	18.068
440.000	15.504
450.000	13.747
460.000	12.428
470.000	11.696
480.000	11.476
490.000	11.263
500.000	10.368
510.000	10.588
520.000	10.954
530.000	11.133
540.000	11.179
550.000	10.846
560.000	11.065
570.000	10.679
580.000	10.964
590.000	10.451
600.000	11.037
610.000	11.037
620.000	11.257
630.000	10.738
640.000	10.960
650.000	10.927
660.000	11.147
670.000	11.167
680.000	10.809
690.000	11.175
700.000	11.028
710.000	11.102
720.000	10.662
730.000	11.108
740.000	10.986
750.000	11.353
760.000	10.693
770.000	10.840
780.000	10.767
790.000	10.913
800.000	10.767
810.000	10.840
820.000	11.133
830.000	11.133
840.000	11.060
850.000	10.400
860.000	10.840
870.000	10.767
880.000	11.133
890.000	10.693
900.000	10.913
910.000	10.767
920.000	10.913
930.000	10.474
940.000	10.327
950.000	10.693
960.000	10.620
970.000	10.840
980.000	10.327
990.000	10.693
1000.000	10.400
1010.000	10.693
1020.000	10.254
1030.000	10.327
1040.000	10.474
1050.000	10.400
1060.000	10.547
1070.000	10.034
1080.000	10.474
1090.000	10.254
1100.000	10.620
1110.000	10.181
1120.000	10.107
1130.000	10.254
1140.000	10.254
1150.000	10.400
1160.000	10.034
1170.000	10.400
1180.000	10.181
10.000	10.400
20.000	9.948
30.000	9.883
40.000	10.249
50.000	10.089
60.000	10.366
70.000	9.999
80.000	10.146
90.000	10.146
100.000	10.146
110.000	10.073
120.000	9.939
130.000	10.224
140.000	10.005
150.000	10.164
160.000	9.888
170.000	9.888
180.000	10.034
190.000	9.888
200.000	10.181
210.000	9.814
220.000	9.814
230.000	9.814
240.000	9.668
250.000	9.888
260.000	9.668
270.000	9.668
280.000	9.668
290.000	9.741
300.000	9.595
310.000	9.448
320.000	9.668
330.000	9.521
340.000	9.595
350.000	9.482
360.000	9.408
370.000	9.555
380.000	9.482
390.000	9.408
400.000	9.408
410.000	9.408
420.000	9.335
430.000	9.335
440.000	9.335
450.000	9.375
460.000	9.375
470.000	9.302
480.000	9.229
490.000	9.155
500.000	9.155
510.000	9.229
520.000	9.082
530.000	9.155
540.000	9.082
550.000	9.009
560.000	9.155
570.000	8.936
580.000	9.082
590.000	9.009
600.000	8.936
610.000	9.082
620.000	9.009
630.000	8.936
640.000	9.009
650.000	8.716
660.000	8.936
670.000	9.009
680.000	8.789
690.000	8.862
700.000	8.569
710.000	8.789
720.000	8.862
730.000	8.643
740.000	8.789
750.000	8.716
760.000	8.496
770.000	8.716
780.000	8.496
790.000	8.496
800.000	8.643
810.000	8.276
820.000	8.643
830.000	8.643
840.000	8.203
850.000	8.423
860.000	8.350
870.000	8.203
880.000	8.569
890.000	8.350
900.000	8.057
910.000	8.350
920.000	7.983
930.000	8.203
940.000	8.496
950.000	8.130
960.000	8.130
970.000	8.203
980.000	7.910
990.000	8.203
1000.000	7.910
1010.000	7.910
1020.000	7.910
1030.000	7.837
1040.000	7.690
1050.000	8.130
1060.000	8.057
1070.000	7.837
1080.000	7.837
1090.000	7.690
1100.000	7.544
1110.000	7.910
1120.000	7.983
1130.000	7.690
1140.000	7.690
1150.000	7.544
1160.000	7.544
1170.000	7.764
1180.000	7.910
1190.000	7.690
1200.000	7.690
1210.000	7.617
1220.000	7.471
1230.000	7.690
1240.000	7.910
1250.000	7.617
1260.000	7.471
1270.000	7.544
1280.000	7.324
1290.000	7.544
1300.000	7.837
1310.000	7.544
1320.000	7.471
1330.000	7.471
1340.000	7.251
1350.000	7.251
1360.000	7.544
1370.000	7.397
1380.000	7.251
1390.000	7.104
1400.000	6.958
1410.000	7.031
1420.000	7.178
1430.000	7.324
1440.000	7.178
1450.000	7.104
1460.000	6.885
1470.000	6.812
1480.000	6.958
10.000	6.958
20.000	7.031
30.000	6.958
40.000	6.812
50.000	6.592
60.000	6.738
70.000	6.812
80.000	6.885
90.000	7.031
100.000	6.838
110.000	6.749
120.000	6.602
130.000	6.749
140.000	6.675
150.000	6.602
160.000	6.822
170.000	6.749
180.000	6.529
190.000	6.309
200.000	6.649
210.000	6.665
220.000	6.592
230.000	6.738
240.000	6.738
250.000	6.592
260.000	6.152
270.000	6.445
280.000	6.519
290.000	6.372
300.000	6.372
310.000	6.519
320.000	6.372
330.000	5.933
340.000	6.152
350.000	6.299
360.000	6.372
370.000	6.226
380.000	6.519
390.000	6.519
400.000	6.152
410.000	5.933
420.000	6.152
430.000	6.372
440.000	6.152
450.000	6.226
460.000	6.372
470.000	6.226
480.000	5.786
490.000	6.006
500.000	6.226
510.000	6.299
520.000	6.152
530.000	6.299
540.000	6.372
550.000	6.079
560.000	5.786
570.000	5.933
580.000	6.079
590.000	5.859
600.000	5.786
610.000	6.006
620.000	6.006
630.000	5.640
640.000	5.493
650.000	5.713
660.000	5.786
670.000	5.786
680.000	5.713
690.000	5.933
700.000	5.933
710.000	5.566
720.000	5.347
730.000	5.347
740.000	5.566
750.000	5.273
760.000	5.273
770.000	5.273
780.000	5.347
790.000	5.347
800.000	5.200
810.000	5.347
820.000	5.347
830.000	5.566
840.000	5.273
850.000	5.273
860.000	5.420
870.000	5.420
880.000	5.420
890.000	5.273
900.000	5.347
910.000	5.347
920.000	5.420
930.000	5.200
940.000	5.200
950.000	5.347
960.000	5.127
970.000	5.127
980.000	5.054
990.000	5.200
1000.000	5.200
1010.000	5.347
1020.000	5.200
1030.000	5.200
1040.000	5.273
1050.000	5.347
1060.000	5.200
1070.000	5.054
1080.000	5.054
1090.000	5.054
1100.000	5.127
1110.000	4.907
1120.000	4.834
1130.000	4.834
1140.000	4.834
1150.000	4.834
1160.000	4.761
1170.000	4.687
1180.000	4.687
1190.000	4.761
1200.000	4.761
1210.000	4.761
1220.000	4.761
1230.000	4.761
1240.000	4.761
1250.000	4.614
1260.000	4.614
1270.000	4.687
1280.000	4.614
1290.000	4.468
1300.000	4.468
1310.000	4.468
1320.000	4.468
1330.000	4.395
1340.000	4.248
1350.000	4.395
1360.000	4.468
1370.000	4.468
1380.000	4.468
1390.000	4.468
1400.000	4.395
1410.000	4.541
1420.000	4.541
1430.000	4.541
1440.000	4.541
1450.000	4.468
1460.000	4.468
1470.000	4.468
1480.000	4.541
1490.000	4.468
1500.000	4.321
1510.000	4.175
1520.000	4.248
1530.000	4.248
1540.000	4.175
1550.000	3.955
1560.000	3.882
1570.000	4.102
1580.000	4.175
1590.000	4.248
1600.000	4.175
1610.000	4.028
1620.000	3.955
1630.000	4.102
1640.000	4.175
1650.000	4.175
1660.000	4.028
1670.000	3.809
1680.000	3.882
1690.000	4.028
1700.000	4.028
1710.000	4.028
1720.000	3.882
1730.000	3.589
1740.000	3.442
1750.000	3.442
1760.000	3.516
1770.000	3.369
1780.000	3.369
1790.000	3.076
1800.000	3.149
1810.000	3.149
1820.000	3.223
1830.000	3.516
1840.000	3.516
1850.000	3.442
1860.000	3.076
1870.000	3.076
1880.000	3.003
1890.000	3.076
1900.000	3.076
1910.000	3.149
1920.000	3.003
1930.000	3.003
1940.000	2.856
1950.000	2.856
1960.000	2.930
1970.000	3.076
1980.000	3.296
1990.000	3.269
2000.000	3.302
2010.000	3.082
2020.000	2.936
2030.000	2.862
2040.000	2.789
2050.000	2.789
2060.000	2.789
2070.000	2.789
2080.000	2.643
2090.000	2.669
2100.000	2.563
2110.000	2.563
2120.000	2.563
2130.000	2.563
2140.000	2.710
2150.000	2.710
2160.000	2.710
2170.000	2.637
2180.000	2.563
2190.000	2.490
2200.000	2.417
2210.000	2.417
2220.000	2.344
2230.000	2.271
2240.000	2.197
2250.000	2.051
2260.000	2.051
2270.000	1.978
2280.000	1.978
2290.000	1.978
2300.000	1.978
2310.000	1.978
2320.000	1.978
2330.000	1.904
2340.000	1.831
2350.000	1.904
2360.000	1.685
2370.000	1.685
2380.000	1.611
2390.000	1.611
2400.000	1.685
2410.000	1.611
2420.000	1.685
2430.000	1.685
2440.000	1.685
2450.000	1.611
2460.000	1.611
2470.000	1.538
2480.000	1.465
2490.000	1.318
2500.000	1.172
2510.000	1.099
2520.000	1.025
2530.000	1.019
2540.000	0.954
2550.000	0.880
2560.000	0.880
2570.000	0.880
2580.000	0.880
2590.000	0.874
2600.000	0.963
2610.000	0.963
2620.000	0.950
2630.000	1.046
2640.000	1.111
2650.000	1.105
2660.000	1.113
2670.000	1.039
2680.000	1.033
2690.000	1.048
2700.000	0.958
2710.000	0.951
2720.000	0.900
2730.000	0.810
2740.000	0.664
2750.000	0.670
2760.000	0.662
2770.000	0.662
2780.000	0.596
2790.000	0.587
2800.000	0.514
2810.000	0.521
2820.000	0.513
2830.000	0.439
2840.000	0.513
2850.000	0.439
2860.000	0.439
2870.000	0.366
2880.000	0.366
2890.000	0.366
2900.000	0.366
2910.000	0.293
2920.000	0.293
2930.000	0.293
2940.000	0.220
2950.000	0.220
2960.000	0.146
2970.000	0.146
2980.000	0.146
2990.000	0.073
3000.000	0.073
3010.000	0.073
3020.000	-0.000
3030.000	-0.000
3040.000	-0.000
3050.000	-0.000
3060.000	-0.000
3070.000	-0.000
3080.000	-0.081
3090.000	-0.081
3100.000	-0.081
3110.000	-0.155
3120.000	-0.155
3130.000	-0.228
3140.000	-0.228
3150.000	-0.301
3160.000	-0.301
3170.000	-0.301
3180.000	-0.220
3190.000	-0.293
3200.000	-0.293
3210.000	-0.293
3220.000	-0.293
3230.000	-0.220
3240.000	-0.293
3250.000	-0.220
3260.000	-0.293
3270.000	-0.293
3280.000	-0.293
3290.000	-0.293
3300.000	-0.293
3310.000	-0.220
3320.000	-0.301
3330.000	-0.301
3340.000	-0.228
3350.000	-0.228
3360.000	-0.228
3370.000	-0.228
3380.000	-0.228
3390.000	-0.228
3400.000	-0.228
3410.000	-0.228
3420.000	-0.146
3430.000	-0.146
3440.000	-0.220
3450.000	-0.220
3460.000	-0.146
3470.000	-0.146
3480.000	-0.146
3490.000	-0.073
3500.000	-0.073
3510.000	-0.073
3520.000	-0.073
3530.000	-0.073
3540.000	-0.000
3550.000	-0.000
3560.000	-0.000
3570.000	-0.000
3580.000	-0.000
3590.000	-0.000
3600.000	-0.000
3610.000	-0.000
3620.000	-0.000
3630.000	-0.000
3640.000	-0.000
3650.000	-0.000
3660.000	-0.000
3670.000	0.073
3680.000	0.073
3690.000	0.073
3700.000	0.073
3710.000	0.073
3720.000	0.073
3730.000	0.146
3740.000	0.146
3750.000	0.146
3760.000	0.146
3770.000	0.073
3780.000	0.073
3790.000	0.146
3800.000	0.146
3810.000	0.146
3820.000	0.146
3830.000	0.073
3840.000	0.073
3850.000	0.073
3860.000	0.073
3870.000	0.073
3880.000	0.073
3890.000	-0.000
3900.000	-0.000
3910.000	-0.000
3920.000	-0.000
3930.000	-0.000
3940.000	0.067
3950.000	0.067
3960.000	0.067
3970.000	0.067
3980.000	0.067
3990.000	0.067
4000.000	0.067
4010.000	0.067
4020.000	0.067
4030.000	0.067
4040.000	-0.000
4050.000	-0.000
4060.000	-0.000
4070.000	-0.000
4080.000	-0.000
4090.000	-0.000
4100.000	-0.081
4110.000	-0.081
4120.000	-0.081
4130.000	-0.081
4140.000	-0.081
4150.000	-0.081
4160.000	-0.081
4170.000	-0.081
4180.000	-0.081
4190.000	-0.081
4200.000	-0.000
4210.000	-0.073
4220.000	-0.073
4230.000	-0.073
4240.000	-0.073
4250.000	-0.073
4260.000	-0.073
4270.000	-0.073
4280.000	-0.073
4290.000	-0.073
4300.000	-0.073
4310.000	-0.000
4320.000	-0.000
4330.000	-0.000
4340.000	-0.000
4350.000	-0.000
4360.000	-0.000
4370.000	-0.000
4380.000	-0.000
4390.000	-0.000
4400.000	-0.000
4410.000	-0.000
4420.000	-0.000
4430.000	-0.000
4440.000	-0.000
4450.000	-0.000
4460.000	-0.000
4470.000	-0.000
4480.000	-0.000
4490.000	-0.000
4500.000	-0.000
4510.000	-0.000
4520.000	-0.000
4530.000	-0.000
4540.000	-0.000
4550.000	-0.000
4560.000	-0.000
4570.000	-0.000
4580.000	0.073
4590.000	0.073
4600.000	0.073
4610.000	0.073
4620.000	0.073
4630.000	0.073
4640.000	0.073
4650.000	0.073
4660.000	0.073
4670.000	-0.000
4680.000	-0.000
4690.000	-0.000
4700.000	-0.000
4710.000	-0.000
4720.000	-0.000
4730.000	-0.000
4740.000	-0.000
4750.000	-0.000
4760.000	-0.000
4770.000	-0.000
4780.000	-0.000
4790.000	-0.000
4800.000	-0.000
4810.000	-0.000
4820.000	-0.000
4830.000	-0.000
4840.000	-0.000
4850.000	-0.000
4860.000	-0.000
4870.000	-0.000
4880.000	-0.000
4890.000	-0.000
4900.000	-0.000
4910.000	-0.000
4920.000	-0.000
4930.000	-0.000
4940.000	-0.000
4950.000	-0.000
4960.000	-0.073
4970.000	-0.073
4980.000	-0.073
4990.000	-0.073
5000.000	-0.073
5010.000	-0.073
5020.000	-0.073
5030.000	-0.073
5040.000	-0.073
5050.000	-0.073
5060.000	-0.000
5070.000	-0.000
5080.000	-0.000
5090.000	-0.000
5100.000	-0.000
5110.000	-0.000
5120.000	-0.000
5130.000	-0.000
5140.000	-0.000
5150.000	-0.000
5160.000	-0.000
5170.000	-0.000
5180.000	-0.000
5190.000	-0.000
5200.000	-0.000
5210.000	-0.000
5220.000	-0.000
5230.000	-0.000
5240.000	-0.000
5250.000	-0.000
5260.000	-0.000
5270.000	-0.000
5280.000	-0.000
5290.000	-0.000
5300.000	0.073
5310.000	0.073
5320.000	0.073
5330.000	0.073
5340.000	0.073
5350.000	0.073
5360.000	0.073
5370.000	0.073
5380.000	0.073
5390.000	0.073
5400.000	-0.000
5410.000	-0.000
5420.000	-0.000
5430.000	-0.000
5440.000	-0.000
5450.000	-0.000
5460.000	-0.000
5470.000	-0.000
5480.000	-0.000
5490.000	-0.000
5500.000	-0.000
5510.000	-0.000
5520.000	-0.000
5530.000	-0.000
5540.000	-0.000
5550.000	-0.000
5560.000	-0.000
5570.000	-0.000
5580.000	-0.000
5590.000	-0.000
5600.000	-0.000
5610.000	-0.000
5620.000	-0.000
5630.000	-0.000
5640.000	-0.000
5650.000	-0.000
5660.000	-0.000
5670.000	-0.000
5680.000	-0.000
5690.000	-0.000
5700.000	-0.000
5710.000	-0.000
5720.000	-0.000
5730.000	-0.000
5740.000	-0.000
5750.000	-0.000
5760.000	-0.000
5770.000	-0.000
5780.000	-0.000
5790.000	-0.000
5800.000	-0.000
5810.000	-0.000
5820.000	-0.000
5830.000	-0.000
5840.000	-0.000
5850.000	-0.000
5860.000	-0.000
5870.000	-0.000
5880.000	-0.000
5890.000	-0.000
5900.000	-0.000
5910.000	-0.000
5920.000	-0.000
5930.000	-0.000
5940.000	-0.000
5950.000	-0.000
5960.000	-0.000
5970.000	-0.000
5980.000	-0.000
5990.000	-0.000
6000.000	-0.000
6010.000	-0.000
6020.000	-0.000
6030.000	-0.000
6040.000	-0.000
6050.000	-0.000
6060.000	-0.000
6070.000	-0.000
6080.000	-0.000
6090.000	-0.000
6100.000	-0.000
6110.000	-0.000
6120.000	-0.000
6130.000	-0.000
6140.000	-0.000
6150.000	-0.000
6160.000	-0.000
6170.000	-0.000
6180.000	-0.000
6190.000	-0.000
6200.000	-0.000
6210.000	-0.000
6220.000	-0.000
6230.000	-0.000
6240.000	-0.000
6250.000	-0.000
6260.000	-0.000
6270.000	-0.000
6280.000	-0.000
6290.000	-0.000
6300.000	-0.000
6310.000	-0.000
6320.000	-0.000
6330.000	-0.000
6340.000	-0.000
6350.000	-0.000
6360.000	-0.000
6370.000	-0.000
6380.000	-0.000
6390.000	-0.000
6400.000	-0.000
6410.000	-0.000
6420.000	-0.000
6430.000	-0.000
6440.000	-0.000
6450.000	-0.000
6460.000	-0.000
6470.000	-0.000
6480.000	-0.000
6490.000	-0.000
6500.000	-0.000
6510.000	-0.000
6520.000	-0.000
6530.000	-0.000
6540.000	-0.000
6550.000	-0.000
6560.000	-0.000
6570.000	-0.000
6580.000	-0.000
6590.000	-0.000
6600.000	-0.000
6610.000	-0.000
6620.000	-0.000
6630.000	-0.000
6640.000	-0.000
6650.000	-0.000
6660.000	-0.000
6670.000	-0.000
6680.000	-0.000
6690.000	-0.000
6700.000	-0.000
6710.000	-0.000
6720.000	-0.000
6730.000	-0.000
6740.000	-0.000
6750.000	-0.000
6760.000	-0.000
6770.000	-0.000
6780.000	-0.000
6790.000	-0.000
6800.000	-0.000
6810.000	-0.000
6820.000	-0.000
6830.000	-0.000
6840.000	-0.000
6850.000	-0.000
6860.000	-0.000
6870.000	-0.000
6880.000	-0.000
6890.000	-0.000
6900.000	-0.000
6910.000	-0.000
6920.000	-0.000
6930.000	-0.000
6940.000	-0.000
6950.000	-0.000
6960.000	-0.000
6970.000	-0.000
6980.000	-0.000
6990.000	-0.000
7000.000	-0.000
7010.000	-0.000
7020.000	-0.000
7030.000	-0.000
7040.000	-0.000
7050.000	-0.000
7060.000	-0.000
7070.000	-0.000
7080.000	-0.000
7090.000	-0.000
7100.000	-0.000
7110.000	-0.000
7120.000	-0.000
7130.000	-0.000
7140.000	-0.000
7150.000	-0.000
7160.000	-0.000
7170.000	-0.000
7180.000	-0.000
7190.000	-0.000
7200.000	-0.000
7210.000	-0.000
7220.000	-0.000
7230.000	-0.000
7240.000	-0.000
7250.000	-0.000
7260.000	-0.000
7270.000	-0.000
7280.000	-0.000
7290.000	-0.000
7300.000	-0.000
7310.000	-0.000
7320.000	-0.000
7330.000	-0.000
7340.000	-0.000
