%Time [ms]	Speed [rpm]	%3/20/20192:31 PM
0.000	0.000
10.000	126.824
20.000	126.165
30.000	126.824
40.000	126.971
50.000	127.783
60.000	126.562
70.000	127.002
80.000	126.709
90.000	126.782
100.000	125.863
110.000	127.019
120.000	127.239
130.000	126.127
140.000	127.543
150.000	127.323
160.000	126.657
170.000	127.642
180.000	127.495
190.000	128.374
200.000	128.561
210.000	127.332
220.000	126.786
230.000	128.443
240.000	127.174
250.000	127.540
260.000	128.059
270.000	126.708
280.000	126.335
290.000	126.596
300.000	126.889
310.000	126.962
320.000	127.362
330.000	126.377
340.000	126.816
350.000	126.084
360.000	126.230
370.000	126.304
380.000	126.603
390.000	125.464
400.000	126.123
410.000	125.537
420.000	125.464
430.000	125.903
440.000	124.658
450.000	124.951
460.000	124.685
470.000	125.067
480.000	125.434
490.000	125.873
500.000	124.628
510.000	125.067
520.000	124.874
530.000	125.094
540.000	125.460
550.000	126.046
560.000	125.946
570.000	125.051
580.000	125.857
590.000	124.978
600.000	125.491
610.000	125.783
620.000	125.830
630.000	125.098
640.000	125.464
650.000	124.585
660.000	124.878
670.000	125.684
680.000	124.292
690.000	124.731
700.000	125.024
710.000	124.292
720.000	124.292
730.000	124.805
740.000	123.926
750.000	124.292
760.000	125.098
770.000	123.633
780.000	124.072
790.000	123.926
800.000	123.193
810.000	123.779
820.000	124.146
830.000	123.120
840.000	123.633
850.000	123.486
860.000	122.534
870.000	122.754
880.000	123.340
890.000	123.120
900.000	123.047
910.000	122.681
920.000	122.314
930.000	122.314
940.000	122.827
950.000	122.534
960.000	122.461
970.000	122.827
980.000	122.095
990.000	122.314
1000.000	122.681
1010.000	122.461
1020.000	122.827
1030.000	122.900
1040.000	121.948
1050.000	122.241
1060.000	122.754
1070.000	122.534
1080.000	122.461
1090.000	122.534
1100.000	122.095
1110.000	122.461
1120.000	122.168
1130.000	122.021
1140.000	122.095
1150.000	122.461
1160.000	121.509
1170.000	121.729
1180.000	122.095
1190.000	121.655
1200.000	121.655
1210.000	121.362
1220.000	121.362
1230.000	121.362
1240.000	120.796
10.000	121.138
20.000	121.431
30.000	121.138
40.000	120.479
50.000	120.918
60.000	121.285
70.000	120.992
80.000	120.552
90.000	120.772
100.000	120.972
110.000	120.044
120.000	120.776
130.000	120.190
140.000	120.410
150.000	120.044
160.000	119.531
170.000	119.531
180.000	120.117
190.000	119.678
200.000	119.824
210.000	119.971
220.000	119.312
230.000	119.824
240.000	119.531
250.000	119.604
260.000	119.751
270.000	119.824
280.000	119.238
290.000	119.531
300.000	119.897
310.000	119.238
320.000	119.312
330.000	119.751
340.000	119.824
350.000	119.458
360.000	119.458
370.000	119.458
380.000	119.458
390.000	119.897
400.000	119.092
410.000	119.751
420.000	119.312
430.000	118.652
440.000	118.726
450.000	119.604
460.000	119.019
470.000	119.092
480.000	118.872
490.000	118.359
500.000	118.652
510.000	118.726
520.000	118.506
530.000	118.506
540.000	118.359
550.000	117.407
560.000	117.773
570.000	118.066
580.000	117.847
590.000	117.700
600.000	117.168
610.000	117.387
620.000	117.534
630.000	117.534
640.000	117.314
650.000	117.387
660.000	117.753
670.000	116.948
680.000	117.314
690.000	117.241
700.000	117.480
710.000	116.821
720.000	117.334
730.000	116.968
740.000	117.041
750.000	117.114
760.000	116.602
770.000	116.895
780.000	116.022
790.000	117.072
800.000	117.292
810.000	117.365
820.000	116.559
830.000	116.926
840.000	117.438
850.000	117.145
860.000	117.072
870.000	117.145
880.000	117.725
890.000	116.821
900.000	117.041
910.000	116.675
920.000	116.748
930.000	116.895
940.000	115.869
950.000	115.942
960.000	116.675
970.000	116.235
980.000	115.649
990.000	115.649
1000.000	115.430
1010.000	115.723
1020.000	115.723
1030.000	115.210
1040.000	115.649
1050.000	115.649
1060.000	115.137
1070.000	115.283
1080.000	115.283
1090.000	115.210
1100.000	114.990
1110.000	114.990
1120.000	114.771
1130.000	114.624
1140.000	114.624
1150.000	114.917
1160.000	114.478
1170.000	114.478
1180.000	114.331
1190.000	114.478
1200.000	114.478
1210.000	114.258
1220.000	114.185
1230.000	114.185
1240.000	114.478
1250.000	114.185
1260.000	114.185
1270.000	114.185
1280.000	114.404
1290.000	114.404
1300.000	114.038
1310.000	113.892
1320.000	113.892
1330.000	114.111
1340.000	114.111
1350.000	114.111
1360.000	114.331
1370.000	114.258
1380.000	114.258
1390.000	113.818
1400.000	113.818
1410.000	113.818
1420.000	114.111
1430.000	113.892
1440.000	113.892
1450.000	114.185
1460.000	113.525
1470.000	113.525
1480.000	113.379
1490.000	113.599
1500.000	113.379
10.000	113.379
20.000	112.939
30.000	112.939
40.000	113.086
50.000	112.939
60.000	113.159
70.000	112.939
80.000	112.646
90.000	113.013
100.000	112.720
110.000	112.793
120.000	112.720
130.000	112.427
140.000	112.354
150.000	112.573
160.000	112.207
170.000	112.134
180.000	112.280
190.000	111.475
200.000	111.621
210.000	110.942
220.000	111.707
230.000	112.146
240.000	111.853
250.000	110.974
260.000	111.487
270.000	112.073
280.000	111.927
290.000	111.634
300.000	111.634
310.000	112.386
320.000	111.401
330.000	111.768
340.000	111.401
350.000	111.694
360.000	111.841
370.000	110.815
380.000	110.889
390.000	111.914
400.000	111.475
410.000	111.255
420.000	111.328
430.000	110.669
440.000	111.475
450.000	110.463
460.000	111.081
470.000	111.667
480.000	111.301
490.000	110.715
500.000	111.008
510.000	111.374
520.000	111.008
530.000	110.935
540.000	110.642
550.000	111.507
560.000	110.303
570.000	110.449
580.000	110.596
590.000	110.156
600.000	110.156
610.000	109.863
620.000	109.717
630.000	110.083
640.000	110.010
650.000	109.570
660.000	109.863
670.000	109.424
680.000	108.984
690.000	109.717
700.000	109.497
710.000	108.984
720.000	109.424
730.000	108.838
740.000	108.618
750.000	109.351
760.000	108.765
770.000	108.765
780.000	109.131
790.000	108.325
800.000	108.472
810.000	109.131
820.000	108.545
830.000	108.838
840.000	108.765
850.000	108.325
860.000	108.838
870.000	108.325
880.000	108.325
890.000	108.398
900.000	108.398
910.000	108.252
920.000	108.252
930.000	108.252
940.000	108.545
950.000	108.325
960.000	108.325
970.000	108.765
980.000	108.472
990.000	108.472
1000.000	108.398
1010.000	108.179
1020.000	108.179
1030.000	108.179
1040.000	108.325
1050.000	108.325
1060.000	107.959
1070.000	107.886
1080.000	107.886
1090.000	107.812
1100.000	107.666
1110.000	107.666
1120.000	107.666
1130.000	107.373
1140.000	107.373
1150.000	107.153
1160.000	107.080
1170.000	107.080
1180.000	107.080
1190.000	107.080
1200.000	107.080
1210.000	107.007
1220.000	106.934
1230.000	106.934
1240.000	106.567
1250.000	106.494
1260.000	106.494
1270.000	106.641
1280.000	106.055
1290.000	106.055
1300.000	106.274
1310.000	106.128
1320.000	106.128
1330.000	105.981
1340.000	105.908
1350.000	105.908
1360.000	105.835
1370.000	106.201
1380.000	106.201
1390.000	105.908
1400.000	105.908
1410.000	105.908
1420.000	106.274
1430.000	105.615
1440.000	105.615
1450.000	105.762
1460.000	106.055
1470.000	105.835
1480.000	105.762
1490.000	106.055
1500.000	106.055
1510.000	105.688
1520.000	105.762
1530.000	105.762
1540.000	105.908
1550.000	105.615
1560.000	105.615
1570.000	105.762
1580.000	105.469
1590.000	105.469
1600.000	105.322
1610.000	105.542
1620.000	105.542
1630.000	105.322
1640.000	105.322
1650.000	105.322
1660.000	105.322
1670.000	104.663
1680.000	104.663
1690.000	104.956
1700.000	104.883
1710.000	104.883
1720.000	104.443
1730.000	104.443
1740.000	104.443
1750.000	104.663
1760.000	104.370
1770.000	104.370
1780.000	104.297
1790.000	104.077
1800.000	104.077
1810.000	103.857
1820.000	103.857
1830.000	103.857
1840.000	104.004
1850.000	103.491
1860.000	104.077
1870.000	103.711
1880.000	103.491
1890.000	103.491
1900.000	103.418
1910.000	103.345
1920.000	103.345
1930.000	103.271
1940.000	103.271
1950.000	103.271
1960.000	102.759
1970.000	103.271
1980.000	103.271
1990.000	103.345
2000.000	103.271
2010.000	103.271
2020.000	103.271
2030.000	103.198
2040.000	103.198
2050.000	103.198
2060.000	103.198
2070.000	103.198
2080.000	103.271
2090.000	103.198
2100.000	103.198
2110.000	103.125
2120.000	103.198
2130.000	103.198
2140.000	103.125
2150.000	102.979
2160.000	102.979
2170.000	102.905
2180.000	102.759
2190.000	102.759
2200.000	102.759
2210.000	102.686
2220.000	102.686
2230.000	102.466
2240.000	102.539
2250.000	102.539
2260.000	102.393
2270.000	102.246
2280.000	102.246
2290.000	101.880
2300.000	102.246
2310.000	102.246
2320.000	101.733
2330.000	101.587
2340.000	102.100
2350.000	101.514
2360.000	101.953
2370.000	102.026
2380.000	101.514
2390.000	101.294
2400.000	101.587
2410.000	101.147
2420.000	101.221
2430.000	101.514
2440.000	100.708
2450.000	100.708
2460.000	101.074
2470.000	100.635
2480.000	100.854
2490.000	101.147
2500.000	100.635
2510.000	100.635
2520.000	100.854
2530.000	100.562
2540.000	100.635
2550.000	100.781
2560.000	99.976
2570.000	100.562
2580.000	100.781
2590.000	100.195
2600.000	100.342
2610.000	100.635
2620.000	100.195
2630.000	100.269
2640.000	100.854
2650.000	100.562
2660.000	100.415
2670.000	100.269
2680.000	99.976
2690.000	100.195
2700.000	100.635
2710.000	100.342
2720.000	100.488
2730.000	100.195
2740.000	99.390
2750.000	99.902
2760.000	100.342
2770.000	99.976
2780.000	100.195
2790.000	100.269
2800.000	99.390
2810.000	99.316
2820.000	99.316
2830.000	99.683
2840.000	99.756
2850.000	98.764
2860.000	99.252
2870.000	99.618
2880.000	99.545
2890.000	99.179
2900.000	99.106
2910.000	99.545
2920.000	99.399
2930.000	98.959
2940.000	98.267
2950.000	99.739
2960.000	98.884
2970.000	99.104
2980.000	98.518
2990.000	98.591
3000.000	98.811
3010.000	98.152
3020.000	98.152
3030.000	97.666
3040.000	99.042
3050.000	98.049
3060.000	97.417
3070.000	97.669
3080.000	98.035
3090.000	98.401
3100.000	98.035
3110.000	98.035
3120.000	97.283
3130.000	98.688
3140.000	98.151
3150.000	98.517
3160.000	98.784
3170.000	97.946
3180.000	97.799
3190.000	97.579
3200.000	97.946
3210.000	98.092
3220.000	98.625
3230.000	97.632
3240.000	97.632
3250.000	97.119
3260.000	97.339
3270.000	97.412
3280.000	97.339
3290.000	97.266
3300.000	97.412
3310.000	97.192
3320.000	97.485
3330.000	97.778
3340.000	97.339
3350.000	97.412
3360.000	97.705
3370.000	97.266
3380.000	97.192
3390.000	97.266
3400.000	96.826
3410.000	96.973
3420.000	97.266
3430.000	96.753
3440.000	96.826
3450.000	96.826
3460.000	96.313
3470.000	96.606
3480.000	97.266
3490.000	96.899
3500.000	96.826
3510.000	96.753
3520.000	96.094
3530.000	96.094
3540.000	96.387
3550.000	96.167
3560.000	96.094
3570.000	96.021
3580.000	95.288
3590.000	95.361
3600.000	95.874
3610.000	95.581
3620.000	95.654
3630.000	95.728
3640.000	95.215
3650.000	95.361
3660.000	94.835
3670.000	95.494
3680.000	95.568
3690.000	95.494
3700.000	95.055
3710.000	95.202
3720.000	95.202
3730.000	95.055
3740.000	95.055
3750.000	95.714
3760.000	96.094
3770.000	95.361
3780.000	95.215
3790.000	95.142
3800.000	94.995
3810.000	95.361
3820.000	95.142
3830.000	95.215
3840.000	95.288
3850.000	94.482
3860.000	94.629
3870.000	94.849
3880.000	94.775
3890.000	94.702
3900.000	94.702
3910.000	94.336
3920.000	94.556
3930.000	94.556
3940.000	94.556
3950.000	94.556
3960.000	95.215
3970.000	94.629
3980.000	94.556
3990.000	94.922
4000.000	94.629
4010.000	94.629
4020.000	95.068
4030.000	94.702
4040.000	94.556
4050.000	94.629
4060.000	93.896
4070.000	94.043
4080.000	94.482
4090.000	93.970
4100.000	94.116
4110.000	94.043
4120.000	93.457
4130.000	93.604
4140.000	94.043
4150.000	93.677
4160.000	93.604
4170.000	93.677
4180.000	93.018
4190.000	93.164
4200.000	93.604
4210.000	93.237
4220.000	93.164
4230.000	93.091
4240.000	92.578
4250.000	92.725
4260.000	93.018
4270.000	92.725
4280.000	92.944
4290.000	92.944
4300.000	92.285
4310.000	92.505
4320.000	92.944
4330.000	92.725
4340.000	92.725
4350.000	92.871
4360.000	92.432
4370.000	92.432
4380.000	92.725
4390.000	92.505
4400.000	92.578
4410.000	92.871
4420.000	91.992
4430.000	92.139
4440.000	91.566
4450.000	92.119
4460.000	92.266
4470.000	92.559
4480.000	91.973
4490.000	92.193
4500.000	92.412
4510.000	91.973
4520.000	92.339
4530.000	92.632
4540.000	92.985
4550.000	92.212
4560.000	91.499
4570.000	92.053
4580.000	92.199
4590.000	92.419
4600.000	91.980
4610.000	92.126
4620.000	92.126
4630.000	91.906
4640.000	92.126
4650.000	92.126
4660.000	92.692
4670.000	91.626
4680.000	91.626
4690.000	91.260
4700.000	91.479
4710.000	91.479
4720.000	91.406
4730.000	91.113
4740.000	91.113
4750.000	90.894
4760.000	90.820
4770.000	90.820
4780.000	91.040
4790.000	91.040
4800.000	91.040
4810.000	90.967
4820.000	90.820
4830.000	90.820
4840.000	90.601
4850.000	90.674
4860.000	90.674
4870.000	90.674
4880.000	90.381
4890.000	90.381
4900.000	90.234
4910.000	90.015
4920.000	90.015
4930.000	90.088
4940.000	90.308
4950.000	90.308
4960.000	90.161
4970.000	89.795
4980.000	89.442
4990.000	89.955
5000.000	90.028
5010.000	90.101
5020.000	89.662
5030.000	89.442
5040.000	89.735
5050.000	89.589
5060.000	89.735
5070.000	89.881
5080.000	89.795
5090.000	89.282
5100.000	89.502
5110.000	89.282
5120.000	89.575
5130.000	89.575
5140.000	89.062
5150.000	89.209
5160.000	88.656
5170.000	89.568
5180.000	89.714
5190.000	89.568
5200.000	89.055
5210.000	89.202
5220.000	89.568
5230.000	89.202
5240.000	89.275
5250.000	89.202
5260.000	89.608
5270.000	88.623
5280.000	89.062
5290.000	88.696
5300.000	88.916
5310.000	88.843
5320.000	88.110
5330.000	88.550
5340.000	88.989
5350.000	88.696
5360.000	88.623
5370.000	88.403
5380.000	88.037
5390.000	88.403
5400.000	88.403
5410.000	87.964
5420.000	88.257
5430.000	87.711
5440.000	88.012
5450.000	87.792
5460.000	88.012
5470.000	87.939
5480.000	87.792
5490.000	87.792
5500.000	87.646
5510.000	88.012
5520.000	88.085
5530.000	88.045
5540.000	87.231
5550.000	87.378
5560.000	86.938
5570.000	87.231
5580.000	87.671
5590.000	87.158
5600.000	86.938
5610.000	86.865
5620.000	86.426
5630.000	86.938
5640.000	86.938
5650.000	86.938
5660.000	86.865
5670.000	86.938
5680.000	86.353
5690.000	86.572
5700.000	86.719
5710.000	86.646
5720.000	86.572
5730.000	86.426
5740.000	86.499
5750.000	86.353
5760.000	86.499
5770.000	86.353
5780.000	86.572
5790.000	86.865
5800.000	86.499
5810.000	86.426
5820.000	86.499
5830.000	86.499
5840.000	86.279
5850.000	86.572
5860.000	86.353
5870.000	86.279
5880.000	86.060
5890.000	85.913
5900.000	86.279
5910.000	86.279
5920.000	86.279
5930.000	85.986
5940.000	85.986
5950.000	85.913
5960.000	85.986
5970.000	85.986
5980.000	86.133
5990.000	86.206
6000.000	86.060
6010.000	85.913
6020.000	86.279
6030.000	86.426
6040.000	86.060
6050.000	85.913
6060.000	85.693
6070.000	85.840
6080.000	85.913
6090.000	85.767
6100.000	85.327
6110.000	85.327
6120.000	85.254
6130.000	85.034
6140.000	85.400
6150.000	85.474
6160.000	85.181
6170.000	84.888
6180.000	85.034
6190.000	84.888
6200.000	84.814
6210.000	85.254
6220.000	84.668
6230.000	84.668
6240.000	85.107
6250.000	84.448
6260.000	84.448
6270.000	84.961
6280.000	84.375
6290.000	84.375
6300.000	84.668
6310.000	84.155
6320.000	84.229
6330.000	84.448
6340.000	83.862
6350.000	84.155
6360.000	84.521
6370.000	83.716
6380.000	84.009
6390.000	84.009
6400.000	83.789
6410.000	83.789
6420.000	83.303
6430.000	83.954
6440.000	83.881
6450.000	84.320
6460.000	83.661
6470.000	84.101
6480.000	84.320
6490.000	83.808
6500.000	83.954
6510.000	84.174
6520.000	84.806
6530.000	83.716
6540.000	83.936
6550.000	83.496
6560.000	83.569
6570.000	84.009
6580.000	83.203
6590.000	83.716
6600.000	83.789
6610.000	83.643
6620.000	83.789
6630.000	83.716
6640.000	83.496
6650.000	83.423
6660.000	83.210
6670.000	83.291
6680.000	83.657
6690.000	83.657
6700.000	83.438
6710.000	83.584
6720.000	83.218
6730.000	83.145
6740.000	83.071
6750.000	83.657
6760.000	83.504
6770.000	82.983
6780.000	82.358
6790.000	83.212
6800.000	82.992
6810.000	82.919
6820.000	82.626
6830.000	82.846
6840.000	83.285
6850.000	82.406
6860.000	82.773
6870.000	82.213
6880.000	83.604
6890.000	82.310
6900.000	82.750
6910.000	82.310
6920.000	82.603
6930.000	81.704
6940.000	82.005
6950.000	82.445
6960.000	82.884
6970.000	82.784
6980.000	81.726
6990.000	82.239
7000.000	81.653
7010.000	81.800
7020.000	81.187
7030.000	82.696
7040.000	81.736
7050.000	81.883
7060.000	81.077
7070.000	81.663
7080.000	81.809
7090.000	81.370
7100.000	81.443
7110.000	81.883
7120.000	82.129
7130.000	81.079
7140.000	81.445
7150.000	80.859
7160.000	81.152
7170.000	81.226
7180.000	81.226
7190.000	81.152
7200.000	81.445
7210.000	80.640
7220.000	81.152
7230.000	81.226
7240.000	80.933
7250.000	81.226
7260.000	80.886
7270.000	81.081
7280.000	80.715
7290.000	81.228
7300.000	80.715
7310.000	81.081
7320.000	80.935
7330.000	81.155
7340.000	81.008
7350.000	80.469
7360.000	81.468
7370.000	80.906
7380.000	81.272
7390.000	80.613
7400.000	81.199
7410.000	81.199
7420.000	80.906
7430.000	80.540
7440.000	80.427
7450.000	81.300
7460.000	80.347
7470.000	80.154
7480.000	80.496
7490.000	80.643
7500.000	80.423
7510.000	80.203
7520.000	80.203
7530.000	79.750
7540.000	81.060
7550.000	80.287
7560.000	80.653
7570.000	79.845
7580.000	79.845
7590.000	80.285
7600.000	79.845
7610.000	79.845
7620.000	79.845
7630.000	80.225
7640.000	79.395
7650.000	79.395
7660.000	79.102
7670.000	79.468
7680.000	79.468
7690.000	78.955
7700.000	78.809
7710.000	78.809
7720.000	79.248
7730.000	79.028
7740.000	79.028
7750.000	79.175
7760.000	78.882
7770.000	78.882
7780.000	78.955
7790.000	78.955
7800.000	78.955
7810.000	78.955
7820.000	78.809
7830.000	78.809
7840.000	78.589
7850.000	78.882
7860.000	78.882
7870.000	78.589
7880.000	78.662
7890.000	78.662
7900.000	78.149
7910.000	78.809
7920.000	78.809
7930.000	78.369
7940.000	78.735
7950.000	78.735
7960.000	78.149
7970.000	78.589
7980.000	78.589
7990.000	78.296
8000.000	78.589
8010.000	78.589
8020.000	77.930
8030.000	78.589
8040.000	78.589
8050.000	78.076
8060.000	78.516
8070.000	78.516
8080.000	77.930
8090.000	78.442
8100.000	78.442
8110.000	78.076
8120.000	78.369
8130.000	78.369
8140.000	77.856
8150.000	78.296
8160.000	78.296
8170.000	77.930
8180.000	78.223
8190.000	78.223
8200.000	77.563
8210.000	78.149
8220.000	78.149
8230.000	77.637
8240.000	77.930
8250.000	77.930
8260.000	77.344
8270.000	77.856
8280.000	77.856
8290.000	77.417
8300.000	77.417
8310.000	77.417
8320.000	77.051
8330.000	77.271
8340.000	77.271
8350.000	76.978
8360.000	77.051
8370.000	77.051
8380.000	76.758
8390.000	76.978
8400.000	76.978
8410.000	76.831
8420.000	76.685
8430.000	76.685
8440.000	76.831
8450.000	76.392
8460.000	76.392
8470.000	76.831
8480.000	76.172
8490.000	76.172
8500.000	76.611
8510.000	76.465
8520.000	76.392
8530.000	76.172
8540.000	76.099
8550.000	76.685
8560.000	76.318
8570.000	75.879
8580.000	76.245
8590.000	76.099
8600.000	75.806
8610.000	76.318
8620.000	75.806
8630.000	76.172
8640.000	76.025
8650.000	75.439
8660.000	75.806
8670.000	76.099
8680.000	75.732
8690.000	75.659
8700.000	75.659
8710.000	75.513
8720.000	75.879
8730.000	75.806
8740.000	75.586
8750.000	75.513
8760.000	76.099
8770.000	75.586
8780.000	75.586
8790.000	75.879
8800.000	75.586
8810.000	75.659
8820.000	75.732
8830.000	75.220
8840.000	75.586
8850.000	75.879
8860.000	75.220
8870.000	75.366
8880.000	75.513
8890.000	75.439
8900.000	75.513
8910.000	74.734
8920.000	75.328
8930.000	75.401
8940.000	75.767
8950.000	75.181
8960.000	75.255
8970.000	75.474
8980.000	75.035
8990.000	75.181
9000.000	74.709
9010.000	75.870
9020.000	75.056
9030.000	74.657
9040.000	74.974
9050.000	75.047
9060.000	75.267
9070.000	74.828
9080.000	75.121
9090.000	75.194
9100.000	75.374
9110.000	74.771
9120.000	74.845
9130.000	75.171
9140.000	74.194
9150.000	73.935
9160.000	74.480
9170.000	74.480
9180.000	74.700
9190.000	73.967
9200.000	74.187
9210.000	74.333
9220.000	74.040
9230.000	74.333
9240.000	74.407
9250.000	74.666
9260.000	73.535
9270.000	73.828
9280.000	73.535
9290.000	73.755
9300.000	74.194
9310.000	73.462
9320.000	73.682
9330.000	72.863
9340.000	73.440
9350.000	73.514
9360.000	73.054
9370.000	73.722
9380.000	73.575
9390.000	73.868
9400.000	73.136
9410.000	73.429
9420.000	73.209
9430.000	73.735
9440.000	73.084
9450.000	72.751
9460.000	73.935
9470.000	73.267
9480.000	73.267
9490.000	72.608
9500.000	72.901
9510.000	73.048
9520.000	73.048
9530.000	73.194
9540.000	72.974
9550.000	73.307
9560.000	72.656
9570.000	73.169
9580.000	72.583
9590.000	72.803
9600.000	72.203
9610.000	72.627
9620.000	72.846
9630.000	72.480
9640.000	72.773
9650.000	72.627
9660.000	72.920
9670.000	72.407
9680.000	72.627
9690.000	72.773
9700.000	73.226
9710.000	72.510
9720.000	72.363
9730.000	72.363
9740.000	72.217
9750.000	72.729
9760.000	71.851
9770.000	72.363
9780.000	72.144
9790.000	72.144
9800.000	71.851
9810.000	71.664
9820.000	72.055
9830.000	72.348
9840.000	72.275
9850.000	71.689
9860.000	71.982
9870.000	71.169
9880.000	71.796
9890.000	71.576
9900.000	72.016
9910.000	72.056
9920.000	71.665
9930.000	71.518
9940.000	71.372
9950.000	71.225
9960.000	71.185
9970.000	71.851
9980.000	71.444
9990.000	71.444
10000.000	71.371
10010.000	71.151
10020.000	71.371
10030.000	71.005
10040.000	71.151
10050.000	70.719
10060.000	71.458
10070.000	71.019
10080.000	70.420
10090.000	70.884
10100.000	70.737
10110.000	71.030
10120.000	70.664
10130.000	70.737
10140.000	70.218
10150.000	71.180
10160.000	70.626
10170.000	70.133
10180.000	71.140
10190.000	70.383
10200.000	70.676
10210.000	70.310
10220.000	70.310
10230.000	69.817
10240.000	70.971
10250.000	70.369
10260.000	70.442
10270.000	70.642
10280.000	70.162
10290.000	70.308
10300.000	69.869
10310.000	69.722
10320.000	69.549
10330.000	70.318
10340.000	69.610
10350.000	69.610
10360.000	69.537
10370.000	69.684
10380.000	69.757
10390.000	69.391
10400.000	69.684
10410.000	69.830
10420.000	69.857
10430.000	69.727
10440.000	69.800
10450.000	69.653
10460.000	69.727
10470.000	69.727
10480.000	69.287
10490.000	69.287
10500.000	69.287
10510.000	69.727
10520.000	69.653
10530.000	69.653
10540.000	69.287
10550.000	69.580
10560.000	69.580
10570.000	69.580
10580.000	69.360
10590.000	69.653
10600.000	69.434
10610.000	69.067
10620.000	69.067
10630.000	69.360
10640.000	69.287
10650.000	69.214
10660.000	69.141
10670.000	69.067
10680.000	68.728
10690.000	68.882
10700.000	69.249
10710.000	69.322
10720.000	69.395
10730.000	68.809
10740.000	69.322
10750.000	68.809
10760.000	69.102
10770.000	68.396
10780.000	69.639
10790.000	68.679
10800.000	68.752
10810.000	68.386
10820.000	68.240
10830.000	68.752
10840.000	68.166
10850.000	68.606
10860.000	68.313
10870.000	68.872
10880.000	67.822
10890.000	68.701
10900.000	67.969
10910.000	68.042
10920.000	68.262
10930.000	67.749
10940.000	67.969
10950.000	67.896
10960.000	68.042
10970.000	67.749
10980.000	67.969
10990.000	67.236
11000.000	67.603
11010.000	67.896
11020.000	67.603
11030.000	67.822
11040.000	67.603
11050.000	67.456
11060.000	67.017
11070.000	67.603
11080.000	67.236
11090.000	67.383
11100.000	67.529
11110.000	67.017
11120.000	67.310
11130.000	67.236
11140.000	67.090
11150.000	66.870
11160.000	67.236
11170.000	66.870
11180.000	67.163
11190.000	67.383
11200.000	66.724
11210.000	67.090
11220.000	66.797
11230.000	66.650
11240.000	67.017
11250.000	67.163
11260.000	67.017
11270.000	66.577
11280.000	67.236
11290.000	66.504
11300.000	66.870
11310.000	66.943
11320.000	66.870
11330.000	66.870
11340.000	66.650
11350.000	66.504
11360.000	66.577
11370.000	66.797
11380.000	66.357
11390.000	66.504
11400.000	66.870
11410.000	66.211
11420.000	66.431
11430.000	66.504
11440.000	66.357
11450.000	66.650
11460.000	66.504
11470.000	66.357
11480.000	66.211
11490.000	66.431
11500.000	66.138
11510.000	66.138
11520.000	66.577
11530.000	66.064
11540.000	66.064
11550.000	66.064
11560.000	65.991
11570.000	65.991
11580.000	65.771
11590.000	65.771
11600.000	65.845
11610.000	66.211
11620.000	65.405
11630.000	65.552
11640.000	65.698
11650.000	65.552
11660.000	65.332
11670.000	65.771
11680.000	65.552
11690.000	65.479
11700.000	65.479
11710.000	64.893
11720.000	65.112
11730.000	65.552
11740.000	65.259
11750.000	65.259
11760.000	65.186
11770.000	64.746
11780.000	65.186
11790.000	65.259
11800.000	64.819
11810.000	65.186
11820.000	65.112
11830.000	64.819
11840.000	64.600
11850.000	64.673
11860.000	64.893
11870.000	64.893
11880.000	64.819
11890.000	64.307
11900.000	64.453
11910.000	64.893
11920.000	64.380
11930.000	64.233
11940.000	64.746
11950.000	64.233
11960.000	64.307
11970.000	64.233
11980.000	63.940
11990.000	64.380
12000.000	64.307
12010.000	63.794
12020.000	64.233
12030.000	64.160
12040.000	63.940
12050.000	63.940
12060.000	64.160
12070.000	64.087
12080.000	63.940
12090.000	63.867
12100.000	64.087
12110.000	63.647
12120.000	63.794
12130.000	64.087
12140.000	63.794
12150.000	63.647
12160.000	63.647
12170.000	63.647
12180.000	63.647
12190.000	63.647
12200.000	63.867
12210.000	63.867
12220.000	63.574
12230.000	63.721
12240.000	63.721
12250.000	63.574
12260.000	63.574
12270.000	63.574
12280.000	63.501
12290.000	63.574
12300.000	63.574
12310.000	63.501
12320.000	63.428
12330.000	63.428
12340.000	63.354
12350.000	63.354
12360.000	63.354
12370.000	63.354
12380.000	63.354
12390.000	63.354
12400.000	63.208
12410.000	63.135
12420.000	63.135
12430.000	63.135
12440.000	63.062
12450.000	63.062
12460.000	63.208
12470.000	62.622
12480.000	62.622
12490.000	63.062
12500.000	62.549
12510.000	62.549
12520.000	62.915
12530.000	62.549
12540.000	62.549
12550.000	62.769
12560.000	62.329
12570.000	62.329
12580.000	62.769
12590.000	62.329
12600.000	62.329
12610.000	62.695
12620.000	62.183
12630.000	62.183
12640.000	62.402
12650.000	62.036
12660.000	62.036
12670.000	62.476
12680.000	62.036
12690.000	62.036
12700.000	62.183
12710.000	61.890
12720.000	61.890
12730.000	62.329
12740.000	62.549
12750.000	62.036
12760.000	62.329
12770.000	62.329
12780.000	61.890
12790.000	62.109
12800.000	62.109
12810.000	61.743
12820.000	61.963
12830.000	61.743
12840.000	61.597
12850.000	61.670
12860.000	61.523
12870.000	61.523
12880.000	61.304
12890.000	61.377
12900.000	61.670
12910.000	61.304
12920.000	61.450
12930.000	61.450
12940.000	61.084
12950.000	61.157
12960.000	61.450
12970.000	61.084
12980.000	61.304
12990.000	61.157
13000.000	61.011
13010.000	60.864
13020.000	61.084
13030.000	61.230
13040.000	61.084
13050.000	61.157
13060.000	60.864
13070.000	60.937
13080.000	60.864
13090.000	60.864
13100.000	60.718
13110.000	61.157
13120.000	60.864
13130.000	60.718
13140.000	60.864
13150.000	60.718
13160.000	60.571
13170.000	60.937
13180.000	60.864
13190.000	60.791
13200.000	61.011
13210.000	60.571
13220.000	60.498
13230.000	60.791
13240.000	60.571
13250.000	60.352
13260.000	60.352
13270.000	60.661
13280.000	60.514
13290.000	60.301
13300.000	60.366
13310.000	60.806
13320.000	60.879
13330.000	60.147
13340.000	60.806
13350.000	60.273
13360.000	61.006
13370.000	60.477
13380.000	60.696
13390.000	60.763
13400.000	60.258
13410.000	60.478
13420.000	59.965
13430.000	60.405
13440.000	60.112
13450.000	60.645
13460.000	59.766
13470.000	59.200
13480.000	60.184
13490.000	59.891
13500.000	60.038
13510.000	59.598
13520.000	60.111
13530.000	59.219
13540.000	59.732
13550.000	59.585
13560.000	59.665
13570.000	60.190
13580.000	59.279
13590.000	60.084
13600.000	59.499
13610.000	59.352
13620.000	59.352
13630.000	59.878
13640.000	59.146
13650.000	59.146
13660.000	59.359
13670.000	59.326
13680.000	58.960
13690.000	58.447
13700.000	58.813
13710.000	59.399
13720.000	58.740
13730.000	58.887
13740.000	58.813
13750.000	59.180
13760.000	58.740
13770.000	58.740
13780.000	58.740
13790.000	58.960
13800.000	58.667
13810.000	58.154
13820.000	58.447
13830.000	58.887
13840.000	58.521
13850.000	58.301
13860.000	58.521
13870.000	58.301
13880.000	58.374
13890.000	57.755
13900.000	58.300
13910.000	58.593
13920.000	58.447
13930.000	57.641
13940.000	58.154
13950.000	58.300
13960.000	58.373
13970.000	57.861
13980.000	58.080
13990.000	58.333
14000.000	58.154
14010.000	57.788
14020.000	57.935
14030.000	57.935
14040.000	58.154
14050.000	57.642
14060.000	57.422
14070.000	58.008
14080.000	57.568
14090.000	57.275
14100.000	57.275
14110.000	57.495
14120.000	57.861
14130.000	57.861
14140.000	57.275
14150.000	57.568
14160.000	57.568
14170.000	57.715
14180.000	57.202
14190.000	57.202
14200.000	57.861
14210.000	57.422
14220.000	57.362
14230.000	57.289
14240.000	57.582
14250.000	57.435
14260.000	57.655
14270.000	57.142
14280.000	57.582
14290.000	57.655
14300.000	57.435
14310.000	57.655
14320.000	57.422
14330.000	57.422
14340.000	57.349
14350.000	57.495
14360.000	57.202
14370.000	57.129
14380.000	57.056
14390.000	56.982
14400.000	57.349
14410.000	56.909
14420.000	57.129
14430.000	57.056
14440.000	56.763
14450.000	56.836
14460.000	56.836
14470.000	56.982
14480.000	56.909
14490.000	56.909
14500.000	56.470
14510.000	56.689
14520.000	56.689
14530.000	56.616
14540.000	56.909
14550.000	56.689
14560.000	56.616
14570.000	56.616
14580.000	56.763
14590.000	56.763
14600.000	56.470
14610.000	56.689
14620.000	56.470
14630.000	56.470
14640.000	56.616
14650.000	56.177
14660.000	56.177
14670.000	56.323
14680.000	55.957
14690.000	56.104
14700.000	56.250
14710.000	55.811
14720.000	56.030
14730.000	56.030
14740.000	55.664
14750.000	55.957
14760.000	56.030
14770.000	55.811
14780.000	55.884
14790.000	55.664
14800.000	55.664
14810.000	55.737
14820.000	55.884
14830.000	55.591
14840.000	55.444
14850.000	55.884
14860.000	55.591
14870.000	55.371
14880.000	55.737
14890.000	55.444
14900.000	55.444
14910.000	55.811
14920.000	55.225
14930.000	55.225
14940.000	55.518
14950.000	54.858
14960.000	55.298
14970.000	55.518
14980.000	54.858
14990.000	55.151
15000.000	54.639
15010.000	54.785
15020.000	55.298
15030.000	55.298
15040.000	54.785
15050.000	55.005
15060.000	55.005
15070.000	54.785
15080.000	55.078
15090.000	55.005
15100.000	55.078
15110.000	54.858
15120.000	54.639
15130.000	54.492
15140.000	55.005
15150.000	54.785
15160.000	54.346
15170.000	54.492
15180.000	53.993
15190.000	54.603
15200.000	54.969
15210.000	54.324
15220.000	54.454
15230.000	54.527
15240.000	54.600
15250.000	54.454
15260.000	55.040
15270.000	54.820
15280.000	55.026
15290.000	54.343
15300.000	54.343
15310.000	54.696
15320.000	54.272
15330.000	54.785
15340.000	54.053
15350.000	54.126
15360.000	54.053
15370.000	53.906
15380.000	54.126
15390.000	54.346
15400.000	54.126
15410.000	53.906
15420.000	54.053
15430.000	53.613
15440.000	53.760
15450.000	54.199
15460.000	53.833
15470.000	53.979
15480.000	53.760
15490.000	53.320
15500.000	53.467
15510.000	53.760
15520.000	53.687
15530.000	53.613
15540.000	53.906
15550.000	53.247
15560.000	53.174
15570.000	53.394
15580.000	53.320
15590.000	53.394
15600.000	53.613
15610.000	53.467
15620.000	53.174
15630.000	52.621
15640.000	52.987
15650.000	53.280
15660.000	53.427
15670.000	52.987
15680.000	53.427
15690.000	52.947
15700.000	52.850
15710.000	52.703
15720.000	52.710
15730.000	53.694
15740.000	52.961
15750.000	52.675
15760.000	53.033
15770.000	53.107
15780.000	52.740
15790.000	52.438
15800.000	52.878
15810.000	52.878
15820.000	52.944
15830.000	52.293
15840.000	52.879
15850.000	52.946
15860.000	52.295
15870.000	52.295
15880.000	52.075
15890.000	52.441
15900.000	52.661
15910.000	52.148
15920.000	52.148
15930.000	52.661
15940.000	51.929
15950.000	52.002
15960.000	52.002
15970.000	51.855
15980.000	52.075
15990.000	52.148
16000.000	51.855
16010.000	51.782
16020.000	52.222
16030.000	51.709
16040.000	51.855
16050.000	51.782
16060.000	51.636
16070.000	51.636
16080.000	51.855
16090.000	51.562
16100.000	51.489
16110.000	51.369
16120.000	51.337
16130.000	51.557
16140.000	51.630
16150.000	51.483
16160.000	51.483
16170.000	51.157
16180.000	51.271
16190.000	51.344
16200.000	51.224
16210.000	51.735
16220.000	51.328
16230.000	51.255
16240.000	51.328
16250.000	51.328
16260.000	51.548
16270.000	51.654
16280.000	51.101
16290.000	51.174
16300.000	51.367
16310.000	51.123
16320.000	51.123
16330.000	50.977
16340.000	50.684
16350.000	51.270
16360.000	50.977
16370.000	51.196
16380.000	51.196
16390.000	50.830
16400.000	50.830
16410.000	50.977
16420.000	50.977
16430.000	50.757
16440.000	51.050
16450.000	50.317
16460.000	50.684
16470.000	50.830
16480.000	50.903
16490.000	50.903
16500.000	50.510
16510.000	50.608
16520.000	50.462
16530.000	50.755
16540.000	50.535
16550.000	50.828
16560.000	50.608
16570.000	50.388
16580.000	50.242
16590.000	50.608
16600.000	50.928
16610.000	50.757
16620.000	50.830
16630.000	50.537
16640.000	50.317
16650.000	50.244
16660.000	50.098
16670.000	50.171
16680.000	50.537
16690.000	50.098
16700.000	50.098
16710.000	49.951
16720.000	49.951
16730.000	49.951
16740.000	50.537
16750.000	50.244
16760.000	50.317
16770.000	50.317
16780.000	49.878
16790.000	49.878
16800.000	49.878
16810.000	49.731
16820.000	49.658
16830.000	50.024
16840.000	49.365
16850.000	49.585
16860.000	49.585
16870.000	49.365
16880.000	49.365
16890.000	49.805
16900.000	49.585
16910.000	49.878
16920.000	49.951
16930.000	49.512
16940.000	49.512
16950.000	49.126
16960.000	49.435
16970.000	49.435
16980.000	49.508
16990.000	49.069
17000.000	49.142
17010.000	48.995
17020.000	48.922
17030.000	48.995
17040.000	48.829
17050.000	49.443
17060.000	49.060
17070.000	48.754
17080.000	49.218
17090.000	49.218
17100.000	48.978
17110.000	49.133
17120.000	49.206
17130.000	49.353
17140.000	49.519
17150.000	49.145
17160.000	49.218
17170.000	49.378
17180.000	48.841
17190.000	48.914
17200.000	49.080
17210.000	48.633
17220.000	48.560
17230.000	48.120
17240.000	48.193
17250.000	48.340
17260.000	48.120
17270.000	48.193
17280.000	48.413
17290.000	48.193
17300.000	48.267
17310.000	48.560
17320.000	48.193
17330.000	48.340
17340.000	48.413
17350.000	48.193
17360.000	48.120
17370.000	48.267
17380.000	47.827
17390.000	47.974
17400.000	47.667
17410.000	47.822
17420.000	47.895
17430.000	48.115
17440.000	47.749
17450.000	47.895
17460.000	48.188
17470.000	48.115
17480.000	48.115
17490.000	47.875
17500.000	48.312
17510.000	47.937
17520.000	48.084
17530.000	47.864
17540.000	48.011
17550.000	47.631
17560.000	47.778
17570.000	47.704
17580.000	47.851
17590.000	48.017
17600.000	47.594
17610.000	47.667
17620.000	47.448
17630.000	47.448
17640.000	47.521
17650.000	47.681
17660.000	47.241
17670.000	47.241
17680.000	47.095
17690.000	47.021
17700.000	47.314
17710.000	47.095
17720.000	47.095
17730.000	47.095
17740.000	46.875
17750.000	46.948
17760.000	46.948
17770.000	46.875
17780.000	46.875
17790.000	47.095
17800.000	46.875
17810.000	46.875
17820.000	46.875
17830.000	46.729
17840.000	46.875
17850.000	46.948
17860.000	46.802
17870.000	46.802
17880.000	46.802
17890.000	46.582
17900.000	46.582
17910.000	46.729
17920.000	46.655
17930.000	46.729
17940.000	46.582
17950.000	46.436
17960.000	46.509
17970.000	46.655
17980.000	46.509
17990.000	46.436
18000.000	46.362
18010.000	46.143
18020.000	46.143
18030.000	46.362
18040.000	46.069
18050.000	45.996
18060.000	45.703
18070.000	45.630
18080.000	45.630
18090.000	45.703
18100.000	45.557
18110.000	45.557
18120.000	45.630
18130.000	45.264
18140.000	45.557
18150.000	45.630
18160.000	45.776
18170.000	45.630
18180.000	45.850
18190.000	45.630
18200.000	45.703
18210.000	45.630
18220.000	45.337
18230.000	45.264
18240.000	45.483
18250.000	45.190
18260.000	45.337
18270.000	45.264
18280.000	45.117
18290.000	45.190
18300.000	45.483
18310.000	45.337
18320.000	45.630
18330.000	45.630
18340.000	45.410
18350.000	45.337
18360.000	45.483
18370.000	45.117
18380.000	45.044
18390.000	44.971
18400.000	44.678
18410.000	44.678
18420.000	44.678
18430.000	44.678
18440.000	44.751
18450.000	44.751
18460.000	44.458
18470.000	44.604
18480.000	44.604
18490.000	44.604
18500.000	44.751
18510.000	44.751
18520.000	44.604
18530.000	44.678
18540.000	44.678
18550.000	44.751
18560.000	44.678
18570.000	44.678
18580.000	44.458
18590.000	44.385
18600.000	44.385
18610.000	44.385
18620.000	44.238
18630.000	44.238
18640.000	44.165
18650.000	43.945
18660.000	43.945
18670.000	43.945
18680.000	44.165
18690.000	43.892
18700.000	44.380
18710.000	44.380
18720.000	44.527
18730.000	44.161
18740.000	44.161
18750.000	44.234
18760.000	44.234
18770.000	44.234
18780.000	44.234
18790.000	44.360
18800.000	43.945
18810.000	43.726
18820.000	43.433
18830.000	43.652
18840.000	43.652
18850.000	43.799
18860.000	43.872
18870.000	44.092
18880.000	43.872
18890.000	44.019
18900.000	43.652
18910.000	43.726
18920.000	43.799
18930.000	44.019
18940.000	43.799
18950.000	43.726
18960.000	43.433
18970.000	43.140
18980.000	43.286
18990.000	43.359
19000.000	43.652
19010.000	43.579
19020.000	43.872
19030.000	43.213
19040.000	43.433
19050.000	43.286
19060.000	43.579
19070.000	43.433
19080.000	43.506
19090.000	43.066
19100.000	42.993
19110.000	42.993
19120.000	42.847
19130.000	43.286
19140.000	43.286
19150.000	43.433
19160.000	43.140
19170.000	43.140
19180.000	42.920
19190.000	43.213
19200.000	43.213
19210.000	43.286
19220.000	42.993
19230.000	42.920
19240.000	42.920
19250.000	42.773
19260.000	42.947
19270.000	43.183
19280.000	43.183
19290.000	42.816
19300.000	42.890
19310.000	42.743
19320.000	43.109
19330.000	42.670
19340.000	42.523
19350.000	42.670
19360.000	42.790
19370.000	42.627
19380.000	42.700
19390.000	42.627
19400.000	42.334
19410.000	42.480
19420.000	42.114
19430.000	42.407
19440.000	42.480
19450.000	42.261
19460.000	42.334
19470.000	42.261
19480.000	42.114
19490.000	41.968
19500.000	42.334
19510.000	42.041
19520.000	42.187
19530.000	42.261
19540.000	42.041
19550.000	42.041
19560.000	42.114
19570.000	42.041
19580.000	41.895
19590.000	42.261
19600.000	41.821
19610.000	41.968
19620.000	41.968
19630.000	41.602
19640.000	41.821
19650.000	41.968
19660.000	41.821
19670.000	41.602
19680.000	41.435
19690.000	41.582
19700.000	41.801
19710.000	41.875
19720.000	41.508
19730.000	41.728
19740.000	41.475
19750.000	41.801
19760.000	41.434
19770.000	41.581
19780.000	41.747
19790.000	41.528
19800.000	41.081
19810.000	41.236
19820.000	41.602
19830.000	41.749
19840.000	41.782
19850.000	40.871
19860.000	41.310
19870.000	41.237
19880.000	41.164
19890.000	41.164
19900.000	41.610
19910.000	41.162
19920.000	41.162
19930.000	40.649
19940.000	40.723
19950.000	41.235
19960.000	40.723
19970.000	40.723
19980.000	41.089
19990.000	40.942
20000.000	40.796
20010.000	40.649
20020.000	40.649
20030.000	40.796
20040.000	40.723
20050.000	40.503
20060.000	40.869
20070.000	41.089
20080.000	40.356
20090.000	40.430
20100.000	40.576
20110.000	40.356
20120.000	40.356
20130.000	40.723
20140.000	40.796
20150.000	40.356
20160.000	40.044
20170.000	40.117
20180.000	40.410
20190.000	40.483
20200.000	40.410
20210.000	40.849
20220.000	40.210
20230.000	40.283
20240.000	40.137
20250.000	40.356
20260.000	40.450
20270.000	40.230
20280.000	40.669
20290.000	40.010
20300.000	40.083
20310.000	40.010
20320.000	40.430
20330.000	39.990
20340.000	40.210
20350.000	40.430
20360.000	39.990
20370.000	40.137
20380.000	39.624
20390.000	39.990
20400.000	39.917
20410.000	39.844
20420.000	40.063
20430.000	39.844
20440.000	39.771
20450.000	39.478
20460.000	39.917
20470.000	39.697
20480.000	39.844
20490.000	40.063
20500.000	39.624
20510.000	39.624
20520.000	39.258
20530.000	39.551
20540.000	39.624
20550.000	39.697
20560.000	39.624
20570.000	39.404
20580.000	39.331
20590.000	39.111
20600.000	39.551
20610.000	39.697
20620.000	39.404
20630.000	39.404
20640.000	39.038
20650.000	39.038
20660.000	39.331
20670.000	39.478
20680.000	39.258
20690.000	39.258
20700.000	38.965
20710.000	38.599
20720.000	39.185
20730.000	39.331
20740.000	38.965
20750.000	39.111
20760.000	38.599
20770.000	38.452
20780.000	38.965
20790.000	38.892
20800.000	38.818
20810.000	38.745
20820.000	38.452
20830.000	38.306
20840.000	38.672
20850.000	38.525
20860.000	38.599
20870.000	38.525
20880.000	38.232
20890.000	38.379
20900.000	38.306
20910.000	38.306
20920.000	38.452
20930.000	38.086
20940.000	38.306
20950.000	38.379
20960.000	38.086
20970.000	38.306
20980.000	37.939
20990.000	37.939
21000.000	38.306
21010.000	37.866
21020.000	37.939
21030.000	38.232
21040.000	37.866
21050.000	37.939
21060.000	38.086
21070.000	37.793
21080.000	37.939
21090.000	37.866
21100.000	37.793
21110.000	37.939
21120.000	37.793
21130.000	37.573
21140.000	37.573
21150.000	37.720
21160.000	37.573
21170.000	37.573
21180.000	37.646
21190.000	37.500
21200.000	37.500
21210.000	37.646
21220.000	37.500
21230.000	37.500
21240.000	37.500
21250.000	37.280
21260.000	37.280
21270.000	37.500
21280.000	37.354
21290.000	37.280
21300.000	37.280
21310.000	36.987
21320.000	37.134
21330.000	37.134
21340.000	37.207
21350.000	37.134
21360.000	37.061
21370.000	36.841
21380.000	36.841
21390.000	37.207
21400.000	36.914
21410.000	36.987
21420.000	36.987
21430.000	36.841
21440.000	36.987
21450.000	36.768
21460.000	36.914
21470.000	36.768
21480.000	37.061
21490.000	36.694
21500.000	36.548
21510.000	36.914
21520.000	36.548
21530.000	36.914
21540.000	36.475
21550.000	36.475
21560.000	36.548
21570.000	36.768
21580.000	36.694
21590.000	36.328
21600.000	36.621
21610.000	36.255
21620.000	36.694
21630.000	36.475
21640.000	36.401
21650.000	36.328
21660.000	36.475
21670.000	36.255
21680.000	35.962
21690.000	36.548
21700.000	36.182
21710.000	36.621
21720.000	36.035
21730.000	35.962
21740.000	36.035
21750.000	36.328
21760.000	36.182
21770.000	36.035
21780.000	36.182
21790.000	35.962
21800.000	36.108
21810.000	35.815
21820.000	35.962
21830.000	35.815
21840.000	36.328
21850.000	35.596
21860.000	35.742
21870.000	35.889
21880.000	35.889
21890.000	35.742
21900.000	35.742
21910.000	35.596
21920.000	35.962
21930.000	35.962
21940.000	35.596
21950.000	35.742
21960.000	35.815
21970.000	35.962
21980.000	35.522
21990.000	35.669
22000.000	35.669
22010.000	35.742
22020.000	35.596
22030.000	35.449
22040.000	35.376
22050.000	36.035
22060.000	35.303
22070.000	35.303
22080.000	35.596
22090.000	35.596
22100.000	35.303
22110.000	35.116
22120.000	35.198
22130.000	35.710
22140.000	35.417
22150.000	35.051
22160.000	35.344
22170.000	35.417
22180.000	35.271
22190.000	34.978
22200.000	35.271
22210.000	35.677
22220.000	35.083
22230.000	35.010
22240.000	35.083
22250.000	35.156
22260.000	35.156
22270.000	34.717
22280.000	34.863
22290.000	35.376
22300.000	34.790
22310.000	34.570
22320.000	35.083
22330.000	34.644
22340.000	34.790
22350.000	34.570
22360.000	34.717
22370.000	34.863
22380.000	34.717
22390.000	34.131
22400.000	34.863
22410.000	34.570
22420.000	34.424
22430.000	34.424
22440.000	34.377
22450.000	34.516
22460.000	34.369
22470.000	34.369
22480.000	34.589
22490.000	34.369
22500.000	34.076
22510.000	34.516
22520.000	34.223
22530.000	34.442
22540.000	34.269
22550.000	34.351
22560.000	34.204
22570.000	33.984
22580.000	33.838
22590.000	34.570
22600.000	34.131
22610.000	33.838
22620.000	34.011
22630.000	33.840
22640.000	34.133
22650.000	33.467
22660.000	34.151
22670.000	34.078
22680.000	34.151
22690.000	33.638
22700.000	34.078
22710.000	33.838
22720.000	34.023
22730.000	34.267
22740.000	33.681
22750.000	34.347
22760.000	34.103
22770.000	34.103
22780.000	33.737
22790.000	33.590
22800.000	33.810
22810.000	33.830
22820.000	33.325
22830.000	33.325
22840.000	33.838
22850.000	33.179
22860.000	33.179
22870.000	33.398
22880.000	33.472
22890.000	33.472
22900.000	33.252
22910.000	33.398
22920.000	33.398
22930.000	33.179
22940.000	33.252
22950.000	33.252
22960.000	33.252
22970.000	33.252
22980.000	33.252
22990.000	33.179
23000.000	33.252
23010.000	33.252
23020.000	33.032
23030.000	33.032
23040.000	33.032
23050.000	32.886
23060.000	32.959
23070.000	32.886
23080.000	32.886
23090.000	32.886
23100.000	32.886
23110.000	32.812
23120.000	32.812
23130.000	32.812
23140.000	32.739
23150.000	32.812
23160.000	32.739
23170.000	32.812
23180.000	32.739
23190.000	32.739
23200.000	32.666
23210.000	32.593
23220.000	32.440
23230.000	32.708
23240.000	32.708
23250.000	32.635
23260.000	32.488
23270.000	32.562
23280.000	32.415
23290.000	32.269
23300.000	32.269
23310.000	32.269
23320.000	32.642
23330.000	31.934
23340.000	31.934
23350.000	32.300
23360.000	32.080
23370.000	32.080
23380.000	32.227
23390.000	32.080
23400.000	32.080
23410.000	32.153
23420.000	32.007
23430.000	32.007
23440.000	32.153
23450.000	32.153
23460.000	32.153
23470.000	31.934
23480.000	32.007
23490.000	32.007
23500.000	31.714
23510.000	32.080
23520.000	32.080
23530.000	31.714
23540.000	32.007
23550.000	32.007
23560.000	31.641
23570.000	31.860
23580.000	31.860
23590.000	31.714
23600.000	31.787
23610.000	31.787
23620.000	31.494
23630.000	31.494
23640.000	31.494
23650.000	31.494
23660.000	31.421
23670.000	31.494
23680.000	31.714
23690.000	31.421
23700.000	31.494
23710.000	31.714
23720.000	31.567
23730.000	31.567
23740.000	31.787
23750.000	31.421
23760.000	31.421
23770.000	31.641
23780.000	31.128
23790.000	31.348
23800.000	31.714
23810.000	31.055
23820.000	31.201
23830.000	31.494
23840.000	30.908
23850.000	31.274
23860.000	31.567
23870.000	30.908
23880.000	31.128
23890.000	31.348
23900.000	30.762
23910.000	30.842
23920.000	31.346
23930.000	30.833
23940.000	31.126
23950.000	31.126
23960.000	30.687
23970.000	31.126
23980.000	31.053
23990.000	30.687
24000.000	30.980
24010.000	31.120
24020.000	30.469
24030.000	30.908
24040.000	30.762
24050.000	30.469
24060.000	30.835
24070.000	30.542
24080.000	30.396
24090.000	30.835
24100.000	30.542
24110.000	30.396
24120.000	30.688
24130.000	30.322
24140.000	30.322
24150.000	30.469
24160.000	30.249
24170.000	30.396
24180.000	30.469
24190.000	30.029
24200.000	30.322
24210.000	30.249
24220.000	29.956
24230.000	30.322
24240.000	30.176
24250.000	30.029
24260.000	30.322
24270.000	29.956
24280.000	29.956
24290.000	29.956
24300.000	29.883
24310.000	30.103
24320.000	30.103
24330.000	29.590
24340.000	30.029
24350.000	29.883
24360.000	29.443
24370.000	29.883
24380.000	29.883
24390.000	29.810
24400.000	29.663
24410.000	29.736
24420.000	29.956
24430.000	29.736
24440.000	29.370
24450.000	29.956
24460.000	29.590
24470.000	29.370
24480.000	29.810
24490.000	29.590
24500.000	29.663
24510.000	29.443
24520.000	29.150
24530.000	29.663
24540.000	29.663
24550.000	29.077
24560.000	29.443
24570.000	29.517
24580.000	29.150
24590.000	29.077
24600.000	29.224
24610.000	29.517
24620.000	29.297
24630.000	29.077
24640.000	29.224
24650.000	29.297
24660.000	29.443
24670.000	29.150
24680.000	28.931
24690.000	29.517
24700.000	29.004
24710.000	28.711
24720.000	28.738
24730.000	28.982
24740.000	29.128
24750.000	28.835
24760.000	28.616
24770.000	28.908
24780.000	29.055
24790.000	28.689
24800.000	28.835
24810.000	28.762
24820.000	29.175
24830.000	28.784
24840.000	28.564
24850.000	28.711
24860.000	28.638
24870.000	28.931
24880.000	28.491
24890.000	28.491
24900.000	28.711
24910.000	28.638
24920.000	28.564
24930.000	28.491
24940.000	28.345
24950.000	28.418
24960.000	28.711
24970.000	28.271
24980.000	28.418
24990.000	28.345
25000.000	28.271
25010.000	28.271
25020.000	28.345
25030.000	28.271
25040.000	28.271
25050.000	28.345
25060.000	28.052
25070.000	28.125
25080.000	28.125
25090.000	28.125
25100.000	28.125
25110.000	28.345
25120.000	28.052
25130.000	28.125
25140.000	28.052
25150.000	28.052
25160.000	28.052
25170.000	28.125
25180.000	28.052
25190.000	27.979
25200.000	28.052
25210.000	27.759
25220.000	27.979
25230.000	27.905
25240.000	27.905
25250.000	27.686
25260.000	27.759
25270.000	27.759
25280.000	27.759
25290.000	27.832
25300.000	27.466
25310.000	27.539
25320.000	27.612
25330.000	27.612
25340.000	27.759
25350.000	27.612
25360.000	27.393
25370.000	27.173
25380.000	27.393
25390.000	27.539
25400.000	27.539
25410.000	27.612
25420.000	27.026
25430.000	27.026
25440.000	27.173
25450.000	27.173
25460.000	27.393
25470.000	27.319
25480.000	27.173
25490.000	26.880
25500.000	27.026
25510.000	27.246
25520.000	27.173
25530.000	27.393
25540.000	26.880
25550.000	27.026
25560.000	26.807
25570.000	26.733
25580.000	27.173
25590.000	27.100
25600.000	27.026
25610.000	26.660
25620.000	26.807
25630.000	26.514
25640.000	26.733
25650.000	27.173
25660.000	26.807
25670.000	26.953
25680.000	26.514
25690.000	26.514
25700.000	26.294
25710.000	26.367
25720.000	26.733
25730.000	26.660
25740.000	26.733
25750.000	26.294
25760.000	26.660
25770.000	26.367
25780.000	26.294
25790.000	26.587
25800.000	26.587
25810.000	26.660
25820.000	26.367
25830.000	26.587
25840.000	26.074
25850.000	26.074
25860.000	26.147
25870.000	26.074
25880.000	26.147
25890.000	25.755
25900.000	26.438
25910.000	25.852
25920.000	25.999
25930.000	25.852
25940.000	26.072
25950.000	25.926
25960.000	25.779
25970.000	25.999
25980.000	25.706
25990.000	25.879
26000.000	25.342
26010.000	26.001
26020.000	25.415
26030.000	25.488
26040.000	25.488
26050.000	25.562
26060.000	25.269
26070.000	25.269
26080.000	25.488
26090.000	25.195
26100.000	25.049
26110.000	24.683
26120.000	25.195
26130.000	24.976
26140.000	25.122
26150.000	24.976
26160.000	25.235
26170.000	24.959
26180.000	25.032
26190.000	25.105
26200.000	25.105
26210.000	24.885
26220.000	24.812
26230.000	24.812
26240.000	24.592
26250.000	24.592
26260.000	24.479
26270.000	24.683
26280.000	24.390
26290.000	24.390
26300.000	24.829
26310.000	24.829
26320.000	24.316
26330.000	24.536
26340.000	24.383
26350.000	24.814
26360.000	24.521
26370.000	24.595
26380.000	24.521
26390.000	24.668
26400.000	24.521
26410.000	24.228
26420.000	24.448
26430.000	24.375
26440.000	24.235
26450.000	24.170
26460.000	24.170
26470.000	23.950
26480.000	23.804
26490.000	23.804
26500.000	23.877
26510.000	23.804
26520.000	23.804
26530.000	23.730
26540.000	23.804
26550.000	23.804
26560.000	23.730
26570.000	23.804
26580.000	23.804
26590.000	23.730
26600.000	23.657
26610.000	23.584
26620.000	23.657
26630.000	23.584
26640.000	23.371
26650.000	23.558
26660.000	23.631
26670.000	23.705
26680.000	23.485
26690.000	23.485
26700.000	23.558
26710.000	23.485
26720.000	23.338
26730.000	23.338
26740.000	23.551
26750.000	23.291
26760.000	23.218
26770.000	23.218
26780.000	23.218
26790.000	23.138
26800.000	23.154
26810.000	23.154
26820.000	23.227
26830.000	23.227
26840.000	22.934
26850.000	23.081
26860.000	22.934
26870.000	23.008
26880.000	22.934
26890.000	23.088
26900.000	22.852
26910.000	23.071
26920.000	22.852
26930.000	22.778
26940.000	22.998
26950.000	22.925
26960.000	22.705
26970.000	22.705
26980.000	22.632
26990.000	22.632
27000.000	22.559
27010.000	22.266
27020.000	22.339
27030.000	22.192
27040.000	22.363
27050.000	22.070
27060.000	22.510
27070.000	22.290
27080.000	22.510
27090.000	22.090
27100.000	22.562
27110.000	22.416
27120.000	22.556
27130.000	22.556
27140.000	22.531
27150.000	22.338
27160.000	22.680
27170.000	22.240
27180.000	22.460
27190.000	22.367
27200.000	22.261
27210.000	22.068
27220.000	22.164
27230.000	22.238
27240.000	22.164
27250.000	22.357
27260.000	21.796
27270.000	22.309
27280.000	21.942
27290.000	22.382
27300.000	22.089
27310.000	22.428
27320.000	22.119
27330.000	22.339
27340.000	21.826
27350.000	21.899
27360.000	21.899
27370.000	21.826
27380.000	21.826
27390.000	21.680
27400.000	21.753
27410.000	21.606
27420.000	21.899
27430.000	21.460
27440.000	21.899
27450.000	21.826
27460.000	21.973
27470.000	21.680
27480.000	21.826
27490.000	21.533
27500.000	21.533
27510.000	21.606
27520.000	21.313
27530.000	21.533
27540.000	21.460
27550.000	21.533
27560.000	21.313
27570.000	21.680
27580.000	21.313
27590.000	21.753
27600.000	21.460
27610.000	21.313
27620.000	21.387
27630.000	21.313
27640.000	21.313
27650.000	21.313
27660.000	21.313
27670.000	20.947
27680.000	20.874
27690.000	20.874
27700.000	21.094
27710.000	21.094
27720.000	21.094
27730.000	21.021
27740.000	20.874
27750.000	21.094
27760.000	20.874
27770.000	20.654
27780.000	20.654
27790.000	20.947
27800.000	20.947
27810.000	20.947
27820.000	20.874
27830.000	20.947
27840.000	20.947
27850.000	20.801
27860.000	20.435
27870.000	20.435
27880.000	20.654
27890.000	20.654
27900.000	20.654
27910.000	20.728
27920.000	20.728
27930.000	20.728
27940.000	20.508
27950.000	20.142
27960.000	20.142
27970.000	20.435
27980.000	20.581
27990.000	20.581
28000.000	20.654
28010.000	20.288
28020.000	20.375
28030.000	20.131
28040.000	20.277
28050.000	20.057
28060.000	20.423
28070.000	20.497
28080.000	20.497
28090.000	20.570
28100.000	20.057
28110.000	20.277
28120.000	20.117
28130.000	20.288
28140.000	20.288
28150.000	20.215
28160.000	20.288
28170.000	19.995
28180.000	19.922
28190.000	19.775
28200.000	20.142
28210.000	20.215
28220.000	20.288
28230.000	20.361
28240.000	19.849
28250.000	19.922
28260.000	19.849
28270.000	20.068
28280.000	20.142
28290.000	19.922
28300.000	19.995
28310.000	19.556
28320.000	19.775
28330.000	19.482
28340.000	19.849
28350.000	19.995
28360.000	19.775
28370.000	19.849
28380.000	19.556
28390.000	19.702
28400.000	19.629
28410.000	19.995
28420.000	19.922
28430.000	19.629
28440.000	19.702
28450.000	19.556
28460.000	19.775
28470.000	19.702
28480.000	19.629
28490.000	19.702
28500.000	19.316
28510.000	19.544
28520.000	19.397
28530.000	19.690
28540.000	19.617
28550.000	19.324
28560.000	19.397
28570.000	19.178
28580.000	19.324
28590.000	19.471
28600.000	19.564
28610.000	19.336
28620.000	19.043
28630.000	19.043
28640.000	19.116
28650.000	19.336
28660.000	19.189
28670.000	18.970
28680.000	18.970
28690.000	18.896
28700.000	19.043
28710.000	19.043
28720.000	18.896
28730.000	18.823
28740.000	18.896
28750.000	18.823
28760.000	18.750
28770.000	18.823
28780.000	18.750
28790.000	18.750
28800.000	18.677
28810.000	18.457
28820.000	18.604
28830.000	18.677
28840.000	18.604
28850.000	18.457
28860.000	18.530
28870.000	18.530
28880.000	18.457
28890.000	18.530
28900.000	18.237
28910.000	18.311
28920.000	18.530
28930.000	18.384
28940.000	18.237
28950.000	18.018
28960.000	18.156
28970.000	18.449
28980.000	18.376
28990.000	18.009
29000.000	18.229
29010.000	18.229
29020.000	18.302
29030.000	18.009
29040.000	17.770
29050.000	18.421
29060.000	18.136
29070.000	18.023
29080.000	17.803
29090.000	17.876
29100.000	18.169
29110.000	17.876
29120.000	17.730
29130.000	17.796
29140.000	18.085
29150.000	17.873
29160.000	17.580
29170.000	17.547
29180.000	18.060
29190.000	17.840
29200.000	17.474
29210.000	17.620
29220.000	17.620
29230.000	18.066
29240.000	17.432
29250.000	17.358
29260.000	17.798
29270.000	17.578
29280.000	17.358
29290.000	17.432
29300.000	17.432
29310.000	17.578
29320.000	17.212
29330.000	17.065
29340.000	17.725
29350.000	17.212
29360.000	16.992
29370.000	17.285
29380.000	17.212
29390.000	17.285
29400.000	17.139
29410.000	16.919
29420.000	17.285
29430.000	16.919
29440.000	16.772
29450.000	17.358
29460.000	16.992
29470.000	16.846
29480.000	16.992
29490.000	16.846
29500.000	16.992
29510.000	16.919
29520.000	16.846
29530.000	16.992
29540.000	16.699
29550.000	16.626
29560.000	16.992
29570.000	16.553
29580.000	16.479
29590.000	16.626
29600.000	16.333
29610.000	16.479
29620.000	16.626
29630.000	16.333
29640.000	16.326
29650.000	16.530
29660.000	16.310
29670.000	16.603
29680.000	16.530
29690.000	16.310
29700.000	16.383
29710.000	16.416
29720.000	16.123
29730.000	16.489
29740.000	16.423
29750.000	15.999
29760.000	16.146
29770.000	15.999
29780.000	15.999
29790.000	16.292
29800.000	16.146
29810.000	15.967
29820.000	16.113
29830.000	15.820
29840.000	16.040
29850.000	16.260
29860.000	15.820
29870.000	15.967
29880.000	16.040
29890.000	15.454
29900.000	15.820
29910.000	16.040
29920.000	15.454
29930.000	15.747
29940.000	15.747
29950.000	15.234
29960.000	15.674
29970.000	15.894
29980.000	15.381
29990.000	15.674
30000.000	15.654
30010.000	15.206
30020.000	15.719
30030.000	15.792
30040.000	15.353
30050.000	15.646
30060.000	15.719
30070.000	15.133
30080.000	15.572
30090.000	15.792
30100.000	15.373
30110.000	15.527
30120.000	15.527
30130.000	15.088
30140.000	15.454
30150.000	15.454
30160.000	15.088
30170.000	15.308
30180.000	15.161
30190.000	14.941
30200.000	15.161
30210.000	15.088
30220.000	15.015
30230.000	14.941
30240.000	14.941
30250.000	15.015
30260.000	15.015
30270.000	15.015
30280.000	15.161
30290.000	14.795
30300.000	14.868
30310.000	15.161
30320.000	14.722
30330.000	15.015
30340.000	15.234
30350.000	14.722
30360.000	15.015
30370.000	14.941
30380.000	14.648
30390.000	15.088
30400.000	15.015
30410.000	14.722
30420.000	14.941
30430.000	14.648
30440.000	14.648
30450.000	14.795
30460.000	14.722
30470.000	14.941
30480.000	14.648
30490.000	14.502
30500.000	14.795
30510.000	14.502
30520.000	14.648
30530.000	14.941
30540.000	14.502
30550.000	14.575
30560.000	14.502
30570.000	14.355
30580.000	14.575
30590.000	14.575
30600.000	14.429
30610.000	14.355
30620.000	14.355
30630.000	14.355
30640.000	14.282
30650.000	14.429
30660.000	14.575
30670.000	14.282
30680.000	14.355
30690.000	14.282
30700.000	14.209
30710.000	14.355
30720.000	14.282
30730.000	14.209
30740.000	14.136
30750.000	14.062
30760.000	14.071
30770.000	14.071
30780.000	14.144
30790.000	14.071
30800.000	14.071
30810.000	14.071
30820.000	13.997
30830.000	13.924
30840.000	13.924
30850.000	13.997
30860.000	13.843
30870.000	13.856
30880.000	13.775
30890.000	13.775
30900.000	13.848
30910.000	13.628
30920.000	13.775
30930.000	13.775
30940.000	13.848
30950.000	13.701
30960.000	13.555
30970.000	13.761
30980.000	13.477
30990.000	13.696
31000.000	13.623
31010.000	13.696
31020.000	13.550
31030.000	13.257
31040.000	13.623
31050.000	13.403
31060.000	13.550
31070.000	13.623
31080.000	13.623
31090.000	13.403
31100.000	13.110
31110.000	13.550
31120.000	13.184
31130.000	13.403
31140.000	13.403
31150.000	13.330
31160.000	13.257
31170.000	12.891
31180.000	13.257
31190.000	12.964
31200.000	13.257
31210.000	13.037
31220.000	13.257
31230.000	13.110
31240.000	12.744
31250.000	13.184
31260.000	12.891
31270.000	13.037
31280.000	12.817
31290.000	13.330
31300.000	12.744
31310.000	12.744
31320.000	12.891
31330.000	12.817
31340.000	12.817
31350.000	12.598
31360.000	13.037
31370.000	12.671
31380.000	12.744
31390.000	12.378
31400.000	12.891
31410.000	12.598
31420.000	12.598
31430.000	12.671
31440.000	12.817
31450.000	12.524
31460.000	12.378
31470.000	12.817
31480.000	12.524
31490.000	12.671
31500.000	12.378
31510.000	12.817
31520.000	12.378
31530.000	12.378
31540.000	12.158
31550.000	12.598
31560.000	12.145
31570.000	12.226
31580.000	12.373
31590.000	12.519
31600.000	12.226
31610.000	12.080
31620.000	12.373
31630.000	12.373
31640.000	12.226
31650.000	12.153
31660.000	12.606
31670.000	12.231
31680.000	12.085
31690.000	11.792
31700.000	12.231
31710.000	12.158
31720.000	12.012
31730.000	12.305
31740.000	12.305
31750.000	11.938
31760.000	11.719
31770.000	11.719
31780.000	12.085
31790.000	11.865
31800.000	11.865
31810.000	11.792
31820.000	11.938
31830.000	11.938
31840.000	11.719
31850.000	12.158
31860.000	12.158
31870.000	12.012
31880.000	11.938
31890.000	12.012
31900.000	12.158
31910.000	11.865
31920.000	11.572
31930.000	11.719
31940.000	11.938
31950.000	11.792
31960.000	11.572
31970.000	11.646
31980.000	11.719
31990.000	11.499
32000.000	11.279
32010.000	11.499
32020.000	11.646
32030.000	11.572
32040.000	11.426
32050.000	11.572
32060.000	11.646
32070.000	11.572
32080.000	11.206
32090.000	11.499
32100.000	11.646
32110.000	11.572
32120.000	11.279
32130.000	11.572
32140.000	11.499
32150.000	11.499
32160.000	11.060
32170.000	11.279
32180.000	11.279
32190.000	11.426
32200.000	10.986
32210.000	11.279
32220.000	11.279
32230.000	11.279
32240.000	10.913
32250.000	10.880
32260.000	11.059
32270.000	11.132
32280.000	11.039
32290.000	10.778
32300.000	11.071
32310.000	10.998
32320.000	11.071
32330.000	10.559
32340.000	10.998
32350.000	10.885
32360.000	11.145
32370.000	10.706
32380.000	10.946
32390.000	10.913
32400.000	11.060
32410.000	10.693
32420.000	10.474
32430.000	10.840
32440.000	10.547
32450.000	10.840
32460.000	10.320
32470.000	10.825
32480.000	10.605
32490.000	10.898
32500.000	10.386
32510.000	10.386
32520.000	10.679
32530.000	10.459
32540.000	10.752
32550.000	10.312
32560.000	10.758
32570.000	10.327
32580.000	10.620
32590.000	10.107
32600.000	10.107
32610.000	10.400
32620.000	10.107
32630.000	10.400
32640.000	9.961
32650.000	10.254
32660.000	10.034
32670.000	10.254
32680.000	9.888
32690.000	9.814
32700.000	10.181
32710.000	9.888
32720.000	10.181
32730.000	9.735
32740.000	9.905
32750.000	9.979
32760.000	9.885
32770.000	9.934
32780.000	9.788
32790.000	9.854
32800.000	9.822
32810.000	9.895
32820.000	9.895
32830.000	9.829
32840.000	9.877
32850.000	9.731
32860.000	9.824
32870.000	9.629
32880.000	9.556
32890.000	9.635
32900.000	9.448
32910.000	9.448
32920.000	9.448
32930.000	9.375
32940.000	9.448
32950.000	9.375
32960.000	9.375
32970.000	9.375
32980.000	9.302
32990.000	9.302
33000.000	9.375
33010.000	9.229
33020.000	9.229
33030.000	9.235
33040.000	9.113
33050.000	9.040
33060.000	9.040
33070.000	9.113
33080.000	9.260
33090.000	9.040
33100.000	9.040
33110.000	8.893
33120.000	8.893
33130.000	9.106
33140.000	8.936
33150.000	8.936
33160.000	8.862
33170.000	8.936
33180.000	8.936
33190.000	8.936
33200.000	8.862
33210.000	8.862
33220.000	8.569
33230.000	8.789
33240.000	8.789
33250.000	8.423
33260.000	8.716
33270.000	8.569
33280.000	8.569
33290.000	8.789
33300.000	8.643
33310.000	8.496
33320.000	8.569
33330.000	8.276
33340.000	8.643
33350.000	8.643
33360.000	8.203
33370.000	8.423
33380.000	8.276
33390.000	8.263
33400.000	8.654
33410.000	8.434
33420.000	8.214
33430.000	8.287
33440.000	7.921
33450.000	8.141
33460.000	8.434
33470.000	7.994
33480.000	7.921
33490.000	8.008
33500.000	7.764
33510.000	8.203
33520.000	8.276
33530.000	7.983
33540.000	7.983
33550.000	7.910
33560.000	7.617
33570.000	8.057
33580.000	8.130
33590.000	7.690
33600.000	7.764
33610.000	7.617
33620.000	7.617
33630.000	8.057
33640.000	7.983
33650.000	7.690
33660.000	7.617
33670.000	7.471
33680.000	7.397
33690.000	7.617
33700.000	7.764
33710.000	7.471
33720.000	7.397
33730.000	7.251
33740.000	7.251
33750.000	7.397
33760.000	7.764
33770.000	7.324
33780.000	7.324
33790.000	7.251
33800.000	7.104
33810.000	7.178
33820.000	7.251
33830.000	7.324
33840.000	7.251
33850.000	7.104
33860.000	7.031
33870.000	7.031
33880.000	7.251
33890.000	7.544
33900.000	7.324
33910.000	7.104
33920.000	7.031
33930.000	6.885
33940.000	6.958
33950.000	7.031
33960.000	7.104
33970.000	7.031
33980.000	6.812
33990.000	6.592
34000.000	6.812
34010.000	6.958
34020.000	7.031
34030.000	7.104
34040.000	6.958
34050.000	6.812
34060.000	6.445
34070.000	6.592
34080.000	6.665
34090.000	6.592
34100.000	6.665
34110.000	6.665
34120.000	6.372
34130.000	6.079
34140.000	6.372
34150.000	6.445
34160.000	6.445
34170.000	6.592
34180.000	6.592
34190.000	5.933
34200.000	5.933
34210.000	6.006
34220.000	6.226
34230.000	6.226
34240.000	5.933
34250.000	6.226
34260.000	6.226
34270.000	5.786
34280.000	5.859
34290.000	5.859
34300.000	6.152
34310.000	6.006
34320.000	6.006
34330.000	6.226
34340.000	5.786
34350.000	5.786
34360.000	5.566
34370.000	5.933
34380.000	5.933
34390.000	5.640
34400.000	5.640
34410.000	5.640
34420.000	5.713
34430.000	5.273
34440.000	5.273
34450.000	5.420
34460.000	5.640
34470.000	5.640
34480.000	5.420
34490.000	5.713
34500.000	5.713
34510.000	5.566
34520.000	5.200
34530.000	5.200
34540.000	5.200
34550.000	5.200
34560.000	5.200
34570.000	5.054
34580.000	5.200
34590.000	5.200
34600.000	5.054
34610.000	4.907
34620.000	4.907
34630.000	4.980
34640.000	5.054
34650.000	5.054
34660.000	4.980
34670.000	5.127
34680.000	5.127
34690.000	5.054
34700.000	4.907
34710.000	4.907
34720.000	4.834
34730.000	4.761
34740.000	4.834
34750.000	4.687
34760.000	4.687
34770.000	4.687
34780.000	4.541
34790.000	4.614
34800.000	4.614
34810.000	4.614
34820.000	4.687
34830.000	4.687
34840.000	4.541
34850.000	4.614
34860.000	4.614
34870.000	4.541
34880.000	4.468
34890.000	4.468
34900.000	4.468
34910.000	4.468
34920.000	4.468
34930.000	4.321
34940.000	4.028
34950.000	4.028
34960.000	4.102
34970.000	4.028
34980.000	4.028
34990.000	3.735
35000.000	3.882
35010.000	3.882
35020.000	4.028
35030.000	4.102
35040.000	4.102
35050.000	3.955
35060.000	3.809
35070.000	3.809
35080.000	3.955
35090.000	3.809
35100.000	3.809
35110.000	3.662
35120.000	3.735
35130.000	3.735
35140.000	3.882
35150.000	3.882
35160.000	3.882
35170.000	3.662
35180.000	3.369
35190.000	3.296
35200.000	3.296
35210.000	3.296
35220.000	3.296
35230.000	3.076
35240.000	2.930
35250.000	2.856
35260.000	2.856
35270.000	3.003
35280.000	3.149
35290.000	3.296
35300.000	3.296
35310.000	3.149
35320.000	3.003
35330.000	2.930
35340.000	2.856
35350.000	2.856
35360.000	2.856
35370.000	2.856
35380.000	2.856
35390.000	2.710
35400.000	2.637
35410.000	2.710
35420.000	2.783
35430.000	2.830
35440.000	3.017
35450.000	3.163
35460.000	3.163
35470.000	3.017
35480.000	2.871
35490.000	2.797
35500.000	2.724
35510.000	2.651
35520.000	2.504
35530.000	2.458
35540.000	2.344
35550.000	2.344
35560.000	2.271
35570.000	2.271
35580.000	2.271
35590.000	2.271
35600.000	2.344
35610.000	2.324
35620.000	2.421
35630.000	2.421
35640.000	2.421
35650.000	2.348
35660.000	2.348
35670.000	2.348
35680.000	2.275
35690.000	2.202
35700.000	2.128
35710.000	2.075
35720.000	1.978
35730.000	1.904
35740.000	1.758
35750.000	1.685
35760.000	1.685
35770.000	1.685
35780.000	1.831
35790.000	1.831
35800.000	1.831
35810.000	1.904
35820.000	1.904
35830.000	1.904
35840.000	1.831
35850.000	1.831
35860.000	1.758
35870.000	1.685
35880.000	1.685
35890.000	1.685
35900.000	1.758
35910.000	1.758
35920.000	1.831
35930.000	1.758
35940.000	1.758
35950.000	1.758
35960.000	1.685
35970.000	1.685
35980.000	1.611
35990.000	1.465
36000.000	1.312
36010.000	1.255
36020.000	1.108
36030.000	1.035
36040.000	1.108
36050.000	1.035
36060.000	1.035
36070.000	1.108
36080.000	1.108
36090.000	1.181
36100.000	1.261
36110.000	1.245
36120.000	1.245
36130.000	1.318
36140.000	1.245
36150.000	1.245
36160.000	1.172
36170.000	1.172
36180.000	1.099
36190.000	0.952
36200.000	0.952
36210.000	0.879
36220.000	0.806
36230.000	0.732
36240.000	0.732
36250.000	0.732
36260.000	0.732
36270.000	0.659
36280.000	0.586
36290.000	0.659
36300.000	0.586
36310.000	0.513
36320.000	0.586
36330.000	0.513
36340.000	0.513
36350.000	0.439
36360.000	0.366
36370.000	0.366
36380.000	0.366
36390.000	0.293
36400.000	0.220
36410.000	0.220
36420.000	0.220
36430.000	0.220
36440.000	0.146
36450.000	0.073
36460.000	0.073
36470.000	-0.000
